atmosphereWindy/data/current-humidity-surface-level-gfs-1p00.json
{"header": {"discipline":0,"disciplineName":"Meteorologicalproducts","gribEdition":2,"gribLength":62709,"center":7,"centerName":"USNationalWeatherService-NCEP(WMC)","subcenter":0,"refTime":"2018-12-21T00:00:00.000Z","significanceOfRT":1,"significanceOfRTName":"Startofforecast","productStatus":0,"productStatusName":"Operationalproducts","productType":1,"productTypeName":"Forecastproducts","productDefinitionTemplate":0,"productDefinitionTemplateName":"Analysis/forecastathorizontallevel/layeratapointintime","parameterCategory":1,"parameterCategoryName":"Moisture","parameterNumber":1,"parameterNumberName":"Relative_humidity","parameterUnit":"percent","genProcessType":2,"genProcessTypeName":"Forecast","forecastTime":6,"surface1Type":103,"surface1TypeName":"Specifiedheightlevelaboveground","surface1Value":2,"surface2Type":255,"surface2TypeName":"Missing","surface2Value":0,"gridDefinitionTemplate":0,"gridDefinitionTemplateName":"Latitude_Longitude","numberPoints":65160,"shape":6,"shapeName":"Earthsphericalwithradiusof6,371,229.0m","gridUnits":"degrees","resolution":48,"winds":"true","scanMode":0,"nx":360,"ny":181,"basicAngle":0,"lo1":0,"la1":90,"lo2":359,"la2":-90,"dx":1,"dy":1}, "data":
[rows 110 to 164 of 181, columns 0 to 95 of 360]
69,72,72,72,71,76,76,84,85,85,86,87,91,93,16,30,19,12,13,25,45,57,53,51,43,43,45,47,56,72,74,63,54,62,80,80,82,78,72,70,70,71,71,72,73,49,51,60,52,72,73,74,72,73,74,78,78,79,83,83,83,83,82,83,84,83,82,82,81,80,79,78,77,77,78,78,78,78,78,79,79,79,78,77,77,77,77,76,77,76,75,74,72,71,73,74
68,69,71,72,71,73,75,81,81,85,85,85,89,90,67,22,18,14,15,21,42,45,53,47,39,40,52,63,65,76,88,72,68,77,70,64,79,77,72,67,69,72,71,70,33,40,49,44,56,74,73,69,72,71,70,65,75,79,81,81,81,81,81,82,83,82,81,80,80,78,77,78,76,76,77,78,77,77,77,78,79,80,79,79,79,78,77,76,75,73,73,72,71,71,72,72
69,68,68,68,72,70,76,81,82,84,84,86,88,90,94,36,22,16,16,24,36,26,33,40,42,55,64,75,79,68,72,85,83,70,72,74,79,76,74,74,73,77,74,69,37,39,45,59,60,74,72,71,74,74,75,77,76,77,78,79,79,79,80,80,81,80,80,80,78,75,76,80,79,77,76,75,76,77,77,77,78,78,77,77,75,74,74,73,73,72,71,70,70,71,73,74
68,69,68,69,70,72,81,81,82,84,83,85,87,93,93,68,20,19,17,11,10,10,16,33,44,56,63,74,64,65,92,82,86,63,65,82,81,78,78,77,77,80,79,75,56,65,48,66,77,73,75,73,75,72,73,75,76,76,77,78,79,79,79,80,80,79,79,78,75,74,78,81,80,78,77,76,75,75,76,75,74,73,72,72,73,72,71,71,71,71,69,70,70,71,73,74
69,74,71,70,71,72,80,81,81,84,84,84,88,92,94,54,19,22,19,12,10,10,14,34,46,58,60,62,70,73,95,70,67,62,68,76,82,82,82,83,83,83,80,78,45,63,65,80,79,75,77,75,74,71,74,74,75,76,76,77,77,77,76,78,77,77,78,77,75,73,76,79,79,77,77,77,77,74,73,74,73,71,71,71,71,74,75,73,71,71,70,69,70,71,72,74
71,72,72,73,74,77,79,81,83,83,83,84,85,89,92,64,28,23,19,12,11,11,11,10,30,57,59,57,59,57,59,83,71,64,72,83,84,84,83,84,84,83,83,79,72,53,51,50,79,79,77,77,74,73,73,74,74,75,76,76,77,76,75,78,77,74,73,73,74,75,74,74,74,75,76,76,76,75,74,72,72,71,70,71,72,75,76,77,77,75,73,72,71,70,71,73
71,68,68,73,74,74,79,80,82,83,83,83,83,86,88,72,35,29,25,14,13,12,11,11,12,53,61,71,63,68,69,87,85,77,76,77,80,82,84,86,86,85,84,84,81,82,82,78,81,79,77,78,75,75,75,74,74,75,76,76,76,75,78,77,76,75,74,75,75,74,73,73,74,73,72,73,73,73,72,70,69,69,70,71,75,78,78,77,76,75,73,72,71,69,70,72
73,68,66,69,71,75,78,79,80,82,82,82,84,85,85,90,38,31,31,15,17,10,10,13,14,31,55,54,72,72,92,96,85,75,77,76,77,78,79,79,80,83,84,84,83,82,81,82,85,81,77,78,78,73,77,75,74,74,75,74,75,76,77,77,75,72,73,72,73,74,77,76,74,74,75,74,72,73,73,69,69,71,72,76,76,75,75,75,74,75,73,72,72,71,69,70
64,70,73,69,69,70,76,77,79,80,81,81,82,84,84,88,85,50,44,36,29,19,11,15,19,39,59,60,61,80,78,88,84,70,76,78,78,78,78,78,78,78,79,82,83,83,83,82,83,80,79,81,80,73,77,75,76,75,76,76,78,77,78,76,76,77,75,73,72,72,74,76,77,76,73,71,71,72,71,68,67,73,77,76,74,74,74,74,72,72,72,72,75,74,74,72
64,65,67,68,69,70,72,74,76,77,79,80,80,82,84,88,89,76,37,34,29,23,12,17,20,49,56,58,40,73,90,88,67,70,75,76,76,76,75,75,75,75,76,76,79,83,83,83,82,81,81,81,81,77,79,80,77,78,77,77,77,78,77,76,78,74,73,73,71,70,71,73,74,73,74,73,73,72,71,72,74,75,75,76,74,74,75,76,75,73,72,70,68,73,80,77
75,68,66,67,69,69,68,69,72,74,75,79,80,79,82,84,86,89,42,35,32,18,22,31,38,51,57,46,48,54,98,78,71,70,72,72,73,73,74,72,74,75,75,75,78,79,82,84,85,85,79,83,83,78,82,86,85,80,76,76,79,78,77,78,78,75,73,68,67,69,70,73,70,69,70,74,74,74,74,71,73,74,73,72,69,68,70,73,74,73,71,69,68,71,72,79
79,78,71,69,68,69,69,68,68,69,73,76,78,79,81,82,84,88,82,55,26,24,28,34,37,42,49,49,48,70,95,72,69,66,66,69,69,68,69,72,73,72,72,74,76,77,79,81,84,85,82,84,86,83,83,86,86,84,84,77,80,79,79,78,79,76,72,70,71,71,72,70,65,68,72,73,72,75,73,71,70,69,69,68,65,65,67,68,68,69,68,68,69,67,67,70
84,81,80,75,71,70,69,68,65,65,66,71,74,78,80,80,83,87,89,47,35,33,36,44,37,46,51,71,88,81,75,69,66,70,69,66,66,66,67,67,71,72,72,73,74,76,79,80,81,82,84,80,88,85,85,86,87,86,87,86,84,84,82,81,83,81,77,75,74,73,74,73,70,69,68,71,72,74,74,69,67,66,67,67,65,66,66,67,67,67,70,73,70,69,67,64
88,86,83,81,79,76,75,73,69,66,64,64,68,72,78,79,81,84,73,48,43,49,36,41,54,64,65,56,73,76,73,66,65,68,66,65,65,66,66,66,68,70,70,72,72,73,76,78,80,82,82,87,84,88,86,87,89,87,86,88,86,87,85,80,82,85,82,82,80,78,77,79,79,77,74,73,73,74,73,73,73,74,75,77,76,76,75,74,74,76,76,76,79,80,75,73
91,89,86,85,85,83,80,80,79,75,71,67,65,67,69,75,80,81,85,55,63,55,61,54,50,71,81,77,74,73,69,65,69,67,67,63,63,69,65,65,67,69,69,69,73,74,75,77,79,81,84,88,90,87,90,89,89,90,88,86,85,88,87,82,82,86,87,86,85,84,83,85,85,84,84,84,85,85,84,86,86,82,80,79,81,85,85,83,82,81,83,83,84,87,87,84
94,91,89,87,85,84,83,83,86,83,79,76,71,67,66,68,77,78,81,86,88,86,80,77,78,77,76,76,75,71,68,66,64,67,68,65,65,68,65,68,68,69,72,71,76,73,77,79,82,83,84,87,91,93,87,89,91,90,90,86,84,89,89,89,88,89,90,90,90,88,88,88,87,87,88,88,89,89,88,89,88,87,85,83,84,85,86,88,89,87,86,87,86,86,87,89
90,94,94,91,89,86,86,86,89,86,77,75,75,75,70,65,67,74,76,79,84,84,76,77,75,74,75,76,74,69,68,67,62,64,67,65,67,68,66,70,70,70,73,72,77,73,81,81,83,85,85,87,92,93,95,88,91,92,92,89,86,87,89,90,91,90,90,90,91,91,91,91,90,90,90,90,90,90,90,90,90,90,89,87,86,85,85,86,87,87,87,88,88,88,89,89
80,85,90,93,93,91,90,88,91,87,80,76,75,82,82,70,63,71,72,77,79,75,75,75,73,73,74,75,72,68,66,67,63,61,64,65,67,68,67,70,70,71,73,72,76,75,82,81,82,84,88,91,94,93,96,96,91,91,91,92,88,87,88,90,90,89,89,90,90,90,90,89,89,90,91,91,91,91,91,91,91,92,92,92,91,90,88,87,87,88,89,90,90,89,89,89
81,87,90,92,95,93,93,92,93,92,85,84,86,86,77,77,71,65,69,76,72,74,77,76,74,74,76,74,68,66,66,64,65,62,64,66,66,67,67,70,69,71,73,74,74,76,79,79,81,84,85,88,92,92,92,96,98,95,92,91,92,90,89,89,89,89,89,89,89,90,90,90,91,91,90,89,88,89,89,90,90,91,91,92,92,92,91,91,90,89,89,91,91,92,92,92
80,83,91,97,97,95,93,93,94,93,91,90,89,83,76,75,76,75,73,73,77,72,75,83,87,84,81,79,71,65,67,71,68,69,64,65,64,64,68,69,71,70,73,74,74,77,80,79,81,81,84,85,85,90,91,93,92,94,98,95,93,94,93,92,92,91,91,91,91,91,91,91,92,92,91,92,93,92,92,92,92,92,92,92,93,92,91,91,91,91,91,91,91,92,92,92
84,83,89,93,98,97,95,94,94,93,91,89,84,83,77,74,72,81,86,81,74,75,82,86,89,85,79,78,75,65,65,76,70,65,67,66,65,65,64,67,70,69,71,73,77,79,80,78,78,80,79,83,88,88,87,86,86,88,88,89,94,98,97,96,95,95,95,94,94,94,93,93,92,92,91,91,91,91,91,91,92,92,92,92,92,93,93,93,92,92,92,92,92,92,92,92
88,87,88,89,93,98,98,97,97,96,94,91,85,85,81,77,80,87,87,89,89,83,88,91,88,88,86,83,80,74,73,78,69,66,67,68,66,65,68,68,66,67,70,73,76,75,73,74,78,78,80,79,81,85,89,88,85,84,86,86,88,89,89,90,90,89,89,89,89,89,89,90,90,90,90,89,86,85,86,88,90,94,96,96,95,94,94,94,94,94,94,94,94,94,94,93
89,88,88,89,91,89,94,98,98,98,97,96,95,90,88,89,90,89,87,89,93,92,91,91,87,87,89,86,84,77,82,84,82,71,67,70,68,65,64,65,63,63,64,66,68,70,70,72,73,73,73,76,79,80,79,78,82,82,82,83,83,83,83,83,84,84,84,84,84,84,84,84,83,83,83,84,87,84,83,83,83,84,85,85,86,87,89,91,92,92,93,94,95,96,96,95
91,89,89,89,90,88,88,92,97,97,97,97,97,94,92,93,93,93,94,94,93,94,95,93,94,91,90,90,85,80,84,78,85,80,76,73,72,67,63,62,63,65,65,64,67,68,69,69,69,71,71,72,72,72,73,74,74,75,75,75,74,73,72,70,69,70,70,69,70,69,67,67,67,69,68,70,73,71,74,76,78,80,82,83,82,81,82,84,84,84,83,83,83,83,84,85
86,89,90,88,89,90,88,89,91,92,92,92,91,89,88,87,87,87,88,91,94,95,94,94,94,94,91,90,88,87,86,83,88,86,82,83,77,70,65,65,61,62,63,64,66,65,67,68,68,68,68,68,70,71,71,71,70,71,71,70,69,69,66,66,65,65,65,65,65,65,65,66,65,66,68,69,69,68,68,68,69,69,69,72,73,76,81,83,83,81,79,77,76,74,76,77
81,84,87,92,89,90,90,90,90,88,86,86,85,81,81,80,81,81,81,83,87,91,94,95,96,97,96,93,91,89,86,87,85,87,85,86,81,77,70,67,62,62,60,58,59,61,61,64,69,68,68,70,67,66,69,69,70,68,68,68,67,68,68,67,68,66,65,65,66,66,65,67,65,65,67,66,65,66,66,67,68,70,74,76,73,71,70,70,69,68,70,70,70,71,73,76
80,80,83,85,89,92,91,90,88,86,84,84,86,85,86,86,85,84,84,83,82,82,86,92,97,99,98,98,96,93,91,90,87,87,87,86,86,85,82,75,70,67,65,62,60,59,59,60,64,66,66,67,68,69,68,68,67,66,67,66,66,66,67,68,68,67,68,70,69,69,68,68,69,65,65,64,64,64,64,63,65,66,64,63,65,67,69,70,70,70,70,70,68,68,70,69
78,77,79,82,86,89,94,90,89,86,85,85,84,83,83,83,84,84,84,84,83,84,85,86,91,97,98,98,98,96,93,91,91,89,86,84,87,86,85,84,81,78,73,69,66,65,64,60,61,63,64,64,67,68,68,69,69,68,68,69,71,69,68,70,70,78,72,71,71,71,71,71,70,68,67,66,67,69,71,68,70,72,73,70,66,65,65,65,65,66,67,67,66,66,68,69
73,74,74,74,76,81,87,92,91,89,85,84,84,84,82,83,84,85,84,84,85,86,86,87,88,90,94,98,99,97,95,94,91,89,87,86,90,89,86,86,86,84,78,75,74,71,69,67,67,68,66,71,65,67,72,68,69,69,69,70,71,70,72,73,74,81,75,74,73,73,73,73,77,76,75,72,71,71,73,71,70,69,72,74,71,69,68,68,67,66,66,67,68,69,71,74
71,73,75,75,75,79,82,88,92,91,88,85,84,85,85,84,85,85,86,87,89,89,88,87,88,89,90,93,96,95,95,95,93,95,89,88,89,89,89,87,86,86,85,80,78,77,75,74,74,74,74,68,68,70,68,69,70,71,72,74,81,72,74,76,77,78,77,78,82,84,78,78,78,78,78,76,74,72,72,72,70,68,67,65,64,66,68,70,69,68,68,67,68,67,68,72
75,73,74,76,78,79,81,83,90,93,92,89,86,86,86,86,85,85,87,89,89,88,90,90,90,89,90,90,88,90,94,95,96,93,94,92,93,91,89,88,88,88,87,87,83,82,82,81,78,78,76,74,69,70,68,69,71,72,73,74,74,75,74,76,77,81,80,80,82,84,83,79,81,84,82,82,80,79,76,75,73,73,72,71,69,67,66,67,68,70,69,68,68,68,68,69
77,78,78,78,78,80,81,83,85,92,94,93,90,88,87,88,88,88,88,88,88,88,88,88,89,89,89,87,87,90,92,94,96,96,94,92,91,91,90,90,90,87,85,86,83,83,84,83,81,79,79,78,76,71,70,77,73,74,75,74,76,76,77,78,84,85,85,84,83,84,83,82,82,81,81,82,83,83,82,80,77,75,75,74,72,70,71,73,73,73,72,70,70,70,71,73
79,81,83,83,82,80,82,82,85,89,94,94,93,92,90,89,89,90,90,89,89,89,88,88,88,89,89,89,89,88,92,92,94,96,96,95,93,92,92,92,93,90,87,86,86,85,85,84,83,81,79,79,80,76,75,75,72,73,73,76,76,80,83,86,86,88,88,86,86,86,88,86,83,83,82,83,84,83,83,84,84,84,82,80,78,78,78,77,72,70,73,72,73,73,75,79
84,85,86,87,87,86,84,84,86,89,93,94,93,93,92,91,91,91,91,91,91,90,90,89,88,87,88,88,89,90,90,91,91,92,95,94,93,93,93,93,92,92,91,90,88,87,87,86,86,85,84,83,80,78,81,75,76,73,75,76,80,86,88,88,89,91,87,88,86,86,88,88,87,88,87,86,85,86,85,86,87,87,87,85,83,80,77,78,75,77,74,74,74,76,79,81
91,91,91,90,90,89,88,87,88,90,93,94,94,94,94,93,93,93,92,92,91,89,88,87,87,87,87,87,88,89,90,91,92,92,93,95,94,93,93,93,92,92,92,92,91,90,90,89,90,90,90,89,87,82,81,80,74,75,75,80,85,88,89,88,90,91,91,91,91,91,88,89,90,90,90,89,89,90,91,91,92,91,91,90,89,86,83,82,82,80,80,78,79,80,80,80
97,97,95,93,92,91,90,90,91,92,93,94,94,94,94,94,93,93,92,91,90,90,90,90,89,89,89,89,89,90,91,91,92,93,94,95,95,95,94,94,93,93,93,93,93,92,92,92,91,91,92,91,90,86,82,78,77,76,76,80,83,85,88,91,92,93,93,93,92,92,90,90,91,92,92,93,94,93,91,92,94,94,93,90,88,86,86,83,83,79,79,81,82,82,83,81
98,97,97,96,95,94,93,94,94,94,95,94,95,95,94,93,92,92,92,93,93,94,94,94,93,92,91,91,91,92,92,92,93,93,94,95,95,96,95,95,94,94,93,94,94,94,94,94,94,93,92,92,91,89,83,80,77,77,78,81,83,85,90,92,93,93,93,93,93,93,92,92,93,93,93,92,94,93,92,92,92,93,94,91,84,81,84,85,85,85,86,86,87,88,90,90
97,97,96,97,97,97,96,96,95,95,95,94,93,92,92,92,92,93,94,95,96,96,96,96,95,95,94,94,94,94,94,94,94,95,95,96,96,96,96,95,95,94,94,95,95,95,95,95,94,94,94,93,92,89,84,80,78,79,80,85,85,87,92,93,94,94,93,94,93,93,93,93,93,93,93,93,93,93,93,94,94,93,90,90,94,94,92,88,87,89,91,90,92,93,94,93
97,97,97,96,95,95,94,95,94,94,94,94,94,95,95,96,96,97,97,97,97,97,97,97,96,96,96,96,95,95,95,96,96,96,97,97,96,96,96,96,96,96,96,96,96,96,96,96,96,96,95,94,92,88,84,82,82,83,87,90,89,91,93,95,95,95,94,94,92,91,91,92,93,93,92,92,92,93,93,93,94,94,96,95,95,94,94,94,94,94,94,93,93,93,93,93
96,96,95,96,97,98,97,97,96,97,97,98,98,98,98,97,97,97,97,97,97,97,98,98,98,98,98,98,98,98,98,97,97,97,97,97,97,97,97,97,97,97,97,97,97,96,95,96,96,96,96,93,89,86,84,84,86,88,90,91,92,93,94,96,95,95,95,93,91,90,90,93,94,94,92,90,89,90,92,93,93,94,93,92,91,92,92,92,93,94,95,95,94,93,94,97
96,96,95,95,95,95,96,96,96,96,96,96,96,96,96,96,95,94,94,94,94,95,95,96,97,97,97,98,98,98,98,98,98,97,97,96,96,94,93,92,92,91,90,90,89,91,94,96,96,95,93,88,83,80,83,84,86,90,91,90,90,91,94,96,96,95,95,95,94,93,92,93,93,91,90,87,86,88,91,92,93,91,90,89,89,92,90,90,92,91,90,92,94,95,95,96
92,91,94,95,95,95,95,94,94,93,93,93,93,93,92,92,93,93,93,93,93,93,93,94,94,94,93,94,95,95,95,96,96,95,95,93,92,92,93,94,95,95,95,95,95,95,96,96,94,92,88,84,82,82,83,86,89,88,88,89,88,86,90,95,95,94,92,92,92,91,91,90,91,87,88,84,85,82,82,86,90,90,90,89,90,90,89,90,89,89,90,91,93,95,95,95
90,87,88,91,94,95,95,95,95,95,94,93,93,93,93,94,94,94,94,94,95,94,94,94,95,95,95,96,95,95,95,96,96,96,96,96,96,95,96,96,95,95,96,96,97,96,95,93,90,85,81,82,83,84,88,88,83,83,83,86,87,86,83,87,90,87,87,86,88,86,85,87,86,84,86,87,84,81,81,85,87,87,88,91,92,91,88,88,88,89,89,90,90,90,90,91
84,86,90,94,95,95,96,96,96,96,95,96,96,96,96,96,95,95,95,95,95,95,95,95,96,96,97,97,96,96,96,96,96,96,97,96,96,96,96,96,96,97,97,96,94,92,90,86,82,80,81,82,86,85,82,81,82,84,83,82,82,87,85,85,82,84,84,83,84,86,87,87,84,88,86,88,83,84,89,91,92,90,88,88,91,89,89,88,87,87,85,86,85,85,85,85
90,94,96,97,97,95,95,95,95,94,94,93,93,93,94,94,94,94,94,94,95,95,95,95,96,95,95,96,96,96,97,97,95,95,95,95,95,96,97,96,96,94,92,90,88,85,82,80,82,85,86,86,82,81,85,86,83,81,84,84,81,83,85,84,82,79,79,77,78,85,88,89,89,89,88,89,88,87,89,93,92,91,92,90,90,88,85,83,83,83,83,83,83,82,82,81
95,94,93,92,91,90,89,88,88,88,88,88,88,88,88,88,89,87,89,93,93,92,93,94,92,92,92,92,93,95,96,96,96,96,95,95,95,94,93,92,91,91,89,85,83,82,82,83,86,86,84,83,82,84,82,77,77,83,86,79,77,78,80,78,77,76,78,78,75,79,86,87,90,90,91,90,90,90,89,90,91,93,92,91,88,86,84,84,84,84,84,83,85,84,85,85
89,87,86,84,82,82,82,82,82,83,86,87,86,84,85,89,89,89,89,88,88,87,86,86,86,86,87,87,87,88,89,90,91,92,93,93,92,90,88,87,85,82,79,79,80,82,84,84,82,81,82,84,77,68,72,67,63,63,63,67,74,77,75,74,74,76,78,77,69,74,82,87,90,88,87,86,86,86,85,87,82,86,93,83,79,80,80,81,78,75,74,76,77,78,80,79
80,79,78,79,78,78,79,80,80,81,83,84,86,87,86,86,86,85,85,85,85,85,84,84,84,84,83,83,84,84,84,85,86,86,86,86,84,83,82,80,78,78,81,84,87,88,89,88,88,87,56,47,60,55,69,69,67,54,49,52,57,57,58,58,58,60,62,60,58,66,74,81,87,88,85,83,82,80,76,74,70,70,68,73,72,71,70,69,71,70,68,70,72,72,71,74
75,74,72,71,72,75,78,80,80,80,80,80,80,80,80,80,80,81,81,82,83,84,84,84,84,83,82,81,80,80,80,79,79,78,78,77,76,76,77,82,87,87,81,74,73,79,77,73,70,62,66,70,70,69,69,65,63,60,62,63,64,66,66,66,67,67,66,66,68,69,68,79,83,83,81,79,74,63,67,68,64,65,66,66,68,70,70,72,70,69,70,72,72,74,74,75
78,80,81,81,81,81,81,82,82,82,83,83,83,84,84,84,82,81,81,81,81,81,81,82,82,82,83,83,83,83,82,81,77,91,93,91,89,89,85,78,78,82,79,76,75,74,75,76,76,73,70,70,69,70,73,71,71,71,74,72,70,69,69,69,70,72,76,78,73,71,79,86,83,77,71,72,73,70,63,60,64,65,66,67,67,68,69,69,68,69,70,71,72,74,77,80
93,91,90,88,87,86,87,88,87,87,88,88,88,89,90,89,91,92,91,91,92,91,90,89,89,89,88,88,88,86,84,79,74,73,83,83,77,70,73,65,73,71,75,75,77,79,80,81,79,75,73,73,73,72,73,76,78,81,84,86,86,86,81,76,75,72,71,73,73,77,82,84,78,87,64,63,61,61,62,62,62,63,64,65,66,66,67,66,66,65,67,68,70,72,75,77
81,76,70,68,69,70,71,72,75,74,74,75,72,67,68,70,72,74,76,75,74,75,75,72,72,71,70,70,70,70,72,73,72,73,72,72,74,77,77,74,74,74,76,76,78,79,79,79,79,78,79,80,81,83,84,87,92,94,96,96,96,95,94,90,83,81,78,75,70,75,80,77,67,63,64,63,62,62,62,62,63,65,66,66,67,67,66,65,65,64,65,66,67,69,71,73
71,64,67,66,66,75,76,77,70,75,77,74,84,77,71,71,68,70,71,72,71,71,67,62,60,57,62,63,66,74,74,75,74,72,72,69,77,81,81,80,79,79,79,79,80,80,81,81,82,83,86,90,93,96,96,97,97,97,96,94,93,92,91,89,86,82,75,72,73,74,80,65,63,63,62,61,60,60,63,63,65,65,66,67,66,66,65,65,65,66,67,69,71,74,78,80
73,76,79,82,87,90,93,95,93,92,91,91,92,95,95,92,88,86,84,83,81,79,78,79,81,89,98,94,85,80,78,79,82,80,78,78,81,82,83,82,83,83,84,86,86,86,86,87,90,92,94,95,96,97,97,97,96,96,95,95,95,89,84,82,80,77,75,70,67,73,69,68,65,62,58,57,62,64,65,66,66,66,66,66,66,66,65,65,66,68,70,73,77,81,84,85
90,89,89,90,90,92,92,93,94,95,95,96,96,96,96,96,95,94,94,93,92,91,90,90,91,94,95,95,93,90,86,84,83,84,83,83,84,85,87,88,90,90,90,90,91,92,91,92,92,93,93,94,94,95,95,96,95,95,95,93,91,86,82,80,77,73,68,67,70,69,67,65,65,63,60,59,61,64,66,67,67,67,67,67,67,67,67,67,68,70,73,76,81,85,87,89
