atmosphereWindy/data/current-pressure-surface-level-gfs-1p00.json
{"header": { "discipline": 0, "disciplineName": "Meteorological products", "gribEdition": 2, "gribLength": 72535, "center": 7, "centerName": "US National Weather Service - NCEP(WMC)", "subcenter": 0, "refTime": "2019-01-20T18:00:00.000Z", "significanceOfRT": 1, "significanceOfRTName": "Start of forecast", "productStatus": 0, "productStatusName": "Operational products", "productType": 1, "productTypeName": "Forecast products", "productDefinitionTemplate": 0, "productDefinitionTemplateName": "Analysis/forecast at horizontal level/layer at a point in time", "parameterCategory": 3, "parameterCategoryName": "Mass", "parameterNumber": 0, "parameterNumberName": "Pressure", "parameterUnit": "Pa", "genProcessType": 2, "genProcessTypeName": "Forecast", "forecastTime": 0, "surface1Type": 1, "surface1TypeName": "Ground or water surface", "surface1Value": 0.0, "surface2Type": 255, "surface2TypeName": "Missing", "surface2Value": 0.0, "gridDefinitionTemplate": 0, "gridDefinitionTemplateName": "Latitude_Longitude", "numberPoints": 65160, "shape": 6, "shapeName": "Earth spherical with radius of 6,371,229.0 m", "gridUnits": "degrees", "resolution": 48, "winds": "true", "scanMode": 0, "nx": 360, "ny": 181, "basicAngle": 0, "lo1": 0.0, "la1": 90.0, "lo2": 359.0, "la2": -90.0, "dx": 1.0, "dy": 1.0 }, "data":
[rows 54 to 80 of 181, columns 295 to 353 of 360]
101248.58,101434.17,101626.17,101798.98,101952.58,102093.375,102208.58,102304.58,102384.58,102451.77,102510.98,102571.77,102637.375,102701.375,102766.98,102824.58,102848.58,102853.375,102853.375,102861.375,102901.375,102949.375,102989.375,103035.77,103082.17,103131.77,103149.375,103141.375,103141.375,103174.98,103194.17,103211.77,103235.77,103254.98,103278.98,103296.58,103317.375,103320.58,103315.77,103307.77,103291.77,103259.77,103232.58,103192.58,103163.77,103123.77,103072.58,103011.77,102944.58,102867.77,102784.58,102696.58,102598.98,102486.98,102370.17,102253.375,102126.98,101979.77,101874.17
101386.17,101555.77,101736.58,101898.17,102037.375,102157.375,102254.98,102338.17,102411.77,102478.98,102538.17,102586.17,102645.375,102704.58,102746.17,102771.77,102774.98,102774.98,102787.77,102813.375,102840.58,102867.77,102891.77,102941.375,103006.98,103058.17,103086.98,103117.375,103157.375,103192.58,103221.375,103250.17,103277.375,103304.58,103320.58,103338.17,103352.58,103342.98,103322.17,103304.58,103280.58,103237.375,103198.98,103160.58,103123.77,103077.375,103027.77,102970.17,102902.98,102835.77,102755.77,102669.375,102578.17,102472.58,102368.58,102266.17,102168.58,102058.17,101976.58
101514.17,101682.17,101851.77,101998.98,102115.77,102210.17,102288.58,102363.77,102434.17,102494.98,102538.17,102584.58,102629.375,102666.17,102686.98,102690.17,102680.58,102678.98,102699.77,102733.375,102758.98,102794.17,102829.375,102902.98,102981.375,103038.98,103086.98,103126.98,103160.58,103192.58,103234.17,103270.98,103304.58,103323.77,103336.58,103342.98,103352.58,103339.77,103301.375,103282.17,103258.17,103213.375,103160.58,103115.77,103067.77,103014.98,102958.98,102899.77,102835.77,102774.98,102701.375,102621.375,102541.375,102453.375,102370.17,102285.375,102213.375,102142.98,101888.58
101632.58,101795.77,101949.375,102075.77,102168.58,102238.98,102304.58,102371.77,102437.375,102485.375,102520.58,102554.17,102582.98,102598.98,102603.77,102590.98,102570.17,102555.77,102570.17,102627.77,102706.17,102739.77,102794.17,102862.98,102939.77,103000.58,103054.98,103096.58,103134.98,103181.375,103229.375,103266.17,103293.375,103310.98,103330.17,103334.98,103333.375,103318.98,103278.98,103240.58,103214.98,103182.98,103126.98,103059.77,102997.375,102934.98,102867.77,102803.77,103525.375,102683.77,102616.58,102549.375,102478.98,102408.58,102336.58,102270.98,102237.375,99776.58,93770.17
101733.375,101880.58,102016.58,102117.375,102186.17,102242.17,102299.77,102362.17,102418.17,102461.375,102486.98,102509.375,102522.17,102518.98,102502.98,102470.98,102427.77,102406.98,102418.17,102514.17,102573.375,102646.98,102742.98,102816.58,102890.17,102952.58,103008.58,103051.77,103094.98,103142.98,103184.58,103216.58,103234.17,103251.77,103275.77,103282.17,103280.58,103272.58,103234.17,103198.98,103146.17,103117.375,103077.375,103018.17,102942.98,102858.17,102781.375,102701.375,102674.17,102586.17,102523.77,102459.77,102390.98,102322.17,102258.17,102195.77,97528.58,96571.77,93786.17
101822.98,101944.58,102054.98,102126.98,102178.17,102227.77,102280.58,102333.375,102384.58,102419.77,102440.58,102451.77,102451.77,102432.58,102397.375,102354.17,102275.77,102221.375,102275.77,102365.375,102482.17,102574.98,102670.98,102758.98,102838.98,102902.98,102946.17,102981.375,103026.17,103066.17,103101.375,103134.98,103149.375,103170.17,103189.375,103203.77,103211.77,103218.17,103192.58,103152.58,103099.77,103040.58,102995.77,102952.58,102898.17,102814.98,102736.58,102664.58,102608.58,102549.375,102478.98,102406.98,102338.17,102266.17,102190.98,102056.58,85437.375,77347.77,87789.375
101891.77,101987.77,102070.98,102114.17,102152.58,102197.375,102243.77,102291.77,102331.77,102366.98,102381.375,102382.98,102378.17,102350.98,102306.17,102243.77,102165.375,102134.98,102222.98,102315.77,102413.375,102512.58,102603.77,102691.77,102787.77,102838.98,102870.98,102910.98,102946.17,102978.17,103014.98,103043.77,103061.375,103077.375,103098.17,103122.17,103138.17,103144.58,103138.17,103109.375,103061.375,103005.375,102946.17,102877.375,102816.58,102762.17,102698.17,102642.17,102582.98,102525.375,102462.98,102398.98,102325.375,102246.98,102158.98,102064.58,89600.58,86763.77,93874.17
101941.375,102011.77,102066.17,102088.58,102112.58,102150.98,102195.77,102235.77,102274.17,102302.98,102322.17,102318.98,102302.98,102269.375,102226.17,102168.58,102102.98,102134.98,102211.77,102299.77,102373.375,102459.77,102544.58,102630.98,102718.98,102763.77,102800.58,102840.58,102870.98,102898.17,102922.17,102942.98,102958.98,102981.375,102998.98,103018.17,103034.17,103046.98,103056.58,103043.77,103014.98,102973.375,102920.58,102854.98,102790.98,102718.98,102645.375,103110.98,102550.98,102515.77,102430.98,102320.58,102309.375,102222.98,102162.17,97579.77,94142.98,96990.98,95168.58
101971.77,102021.375,102053.375,102058.17,102072.58,102102.98,102147.77,102184.58,102219.77,102243.77,102258.17,102254.98,102238.98,102213.375,102179.77,102126.98,102102.98,102146.17,102211.77,102278.98,102349.375,102426.17,102494.98,102574.98,102638.98,102683.77,102723.77,102752.58,102782.98,102803.77,102821.375,102837.375,102848.58,102866.17,102891.77,102909.375,102922.17,102931.77,102936.58,102933.375,102920.58,102891.77,102861.375,102821.375,102774.98,102707.77,102648.58,102550.98,102339.77,102499.77,102422.98,102442.17,102285.375,100870.98,98814.98,97522.17,96019.77,96504.58,97016.58
101995.77,102026.17,102037.375,102032.58,102038.98,102062.98,102096.58,102131.77,102160.58,102189.375,102197.375,102194.17,102176.58,102157.375,102138.17,102125.375,102122.17,102162.17,102202.17,102262.98,102317.375,102390.98,102448.58,102515.77,102563.77,102603.77,102635.77,102658.17,102693.375,102715.77,102734.98,102752.58,102762.17,102776.58,102790.98,102800.58,102806.98,102810.17,102814.98,102810.17,102800.58,102784.58,102766.98,102742.98,102706.17,102659.77,102608.58,102547.77,102502.98,102469.375,102442.17,102390.98,101182.98,99522.17,99558.98,97610.17,96653.375,97094.98,97978.17
102005.375,102024.58,102030.98,102018.17,102016.58,102024.58,102051.77,102085.375,102110.98,102133.375,102144.58,102136.58,102126.98,102114.17,102112.58,102102.98,102114.17,102158.98,102195.77,102240.58,102283.77,102344.58,102397.375,102438.98,102486.98,102525.375,102555.77,102586.17,102611.77,102630.98,102643.77,102656.58,102669.375,102683.77,102694.98,102698.17,102702.98,102698.17,102693.375,102691.77,102678.98,102666.17,102653.375,102638.98,102616.58,102587.77,102552.58,102525.375,102493.375,102453.375,102418.17,101256.58,99562.17,96938.17,96642.17,97270.98,97422.98,97235.77,96222.98
101997.375,102016.58,102021.375,102011.77,102008.58,101995.77,102013.375,102046.98,102070.98,102086.98,102093.375,102085.375,102080.58,102072.58,102082.17,102101.375,102128.58,102150.98,102168.58,102214.98,102253.375,102296.58,102341.375,102373.375,102410.17,102448.58,102477.375,102502.98,102523.77,102542.98,102550.98,102563.77,102570.17,102582.98,102587.77,102592.58,102592.58,102586.17,102582.98,102576.58,102566.98,102558.98,102554.17,102541.375,102525.375,102514.17,102494.98,102474.17,102437.375,102398.98,102427.77,99915.77,98728.58,98491.77,98656.58,98579.77,98098.17,96986.17,97067.77
101978.17,102003.77,102013.375,102008.58,101997.375,101981.375,101987.77,102019.77,102037.375,102048.58,102051.77,102050.17,102042.17,102050.17,102062.98,102088.58,102112.58,102128.58,102144.58,102174.98,102222.98,102238.98,102274.17,102309.375,102339.77,102376.58,102405.375,102422.98,102432.58,102450.17,102458.17,102477.375,102485.375,102485.375,102488.58,102488.58,102486.98,102478.98,102477.375,102469.375,102469.375,102469.375,102467.77,102462.98,102456.58,102445.375,102427.77,102406.98,102376.58,102326.98,100086.98,98589.375,98429.375,97952.58,97694.98,98987.77,98744.58,98298.17,98254.98
101947.77,101973.375,101989.375,101989.375,101982.98,101968.58,101976.58,101990.98,102005.375,102016.58,102016.58,102019.77,102024.58,102032.58,102045.375,102069.375,102083.77,102102.98,102120.58,102146.17,102162.17,102174.98,102203.77,102235.77,102272.58,102290.17,102322.17,102341.375,102349.375,102357.375,102368.58,102386.17,102394.17,102398.98,102402.17,102398.98,102395.77,102392.58,102384.58,102382.98,102384.58,102387.77,102395.77,102392.58,102382.98,102370.17,102354.17,102330.17,102282.17,101099.77,99205.375,98466.17,98162.17,96267.77,98814.98,98205.375,98960.58,98653.375,98358.98
101917.375,101931.77,101946.17,101954.17,101949.375,101947.77,101954.17,101960.58,101970.17,101976.58,101987.77,101998.98,102003.77,102008.58,102029.375,102054.98,102061.375,102077.375,102093.375,102094.98,102099.77,102109.375,102139.77,102166.98,102205.375,102222.98,102250.17,102266.17,102275.77,102285.375,102293.375,102307.77,102312.58,102314.17,102314.17,102315.77,102307.77,102299.77,102296.58,102299.77,102309.375,102320.58,102318.98,102315.77,102304.58,102288.58,102262.98,102222.98,102182.98,98650.17,98555.77,98955.77,98362.17,97656.58,97768.58,98899.77,98790.98,97883.77,98186.17
101877.375,101890.17,101899.77,101904.58,101910.98,101915.77,101917.375,101925.375,101930.17,101941.375,101952.58,101968.58,101965.375,101974.98,102002.17,102010.17,102029.375,102040.58,102050.17,102051.77,102051.77,102059.77,102070.98,102112.58,102134.98,102150.98,102170.17,102184.58,102195.77,102203.77,102214.98,102226.17,102230.98,102235.77,102235.77,102224.58,102224.58,102214.98,102213.375,102224.58,102243.77,102245.375,102242.17,102230.98,102214.98,102192.58,102162.17,102109.375,101973.375,100229.375,98306.17,99776.58,97334.98,97506.17,97998.98,98810.17,98502.98,97973.375,98576.58
101826.17,101838.98,101848.58,101851.77,101858.17,101867.77,101875.77,101883.77,101883.77,101896.58,101906.17,101920.58,101931.77,101950.98,101960.58,101973.375,101986.17,101992.58,101997.375,101982.98,101979.77,101997.375,102022.98,102019.77,102059.77,102069.375,102094.98,102101.375,102117.375,102120.58,102134.98,102155.77,102155.77,102155.77,102146.17,102146.17,102146.17,102144.58,102152.58,102170.17,102171.77,102168.58,102155.77,102141.375,102120.58,102096.58,102070.98,102030.98,101957.375,101450.17,100285.375,100355.77,98747.77,98362.17,98493.375,98130.17,97920.58,97938.17,98136.58
101768.58,101779.77,101794.17,101802.17,101810.17,101819.77,101829.375,101843.77,101838.98,101845.375,101856.58,101870.98,101878.98,101901.375,101912.58,101926.98,101934.98,101941.375,101936.58,101930.17,101918.98,101930.17,101944.58,101933.375,101976.58,101998.98,102024.58,102038.98,102048.58,102053.375,102067.77,102085.375,102086.98,102082.17,102077.375,102075.77,102078.98,102082.17,102093.375,102107.77,102099.77,102091.77,102075.77,102056.58,102032.58,102013.375,101990.98,101952.58,101880.58,101629.375,101227.77,100488.58,100021.375,99440.58,96846.98,97024.58,97462.98,97821.375,97941.375
101722.17,101726.98,101734.98,101752.58,101770.17,101765.375,101779.77,101794.17,101805.375,101805.375,101814.98,101821.375,101827.77,101842.17,101856.58,101866.17,101877.375,101883.77,101878.98,101872.58,101869.375,101869.375,101866.17,101872.58,101901.375,101926.98,101946.17,101963.77,101978.17,101989.375,102000.58,102014.98,102019.77,102022.98,102014.98,102014.98,102013.375,102018.17,102026.17,102030.98,102034.17,102010.17,101989.375,101970.17,101954.17,101933.375,101917.375,101885.375,101824.58,101714.17,101357.375,100957.375,100264.58,98630.98,98584.58,98950.98,98837.375,98531.77,98248.58
101675.77,101678.98,101688.58,101707.77,101706.17,101722.17,101734.98,101746.17,101754.17,101765.375,101773.375,101774.98,101774.98,101787.77,101800.58,101806.98,101816.58,101819.77,101819.77,101821.375,101818.17,101813.375,101811.77,101818.17,101838.98,101851.77,101878.98,101891.77,101906.17,101917.375,101931.77,101947.77,101949.375,101950.98,101949.375,101946.17,101947.77,101952.58,101952.58,101938.17,100774.98,101944.58,101909.375,101894.98,101870.98,101859.77,101837.375,101800.58,101723.77,101218.17,101256.58,101067.77,100512.58,98568.58,99664.58,98429.375,99438.98,99445.375,97941.375
101629.375,101627.77,101640.58,101754.17,101658.17,101678.98,101690.17,101702.98,101712.58,101717.375,101723.77,101726.98,101730.17,101736.58,101746.17,101754.17,101762.17,101763.77,101768.58,101770.17,101765.375,101758.98,101750.98,101755.77,101768.58,101784.58,101805.375,101822.98,101834.17,101846.98,101859.77,101872.58,101877.375,101882.17,101882.17,101885.375,101886.98,101886.98,101877.375,101882.17,101854.98,101854.98,101635.77,101826.17,101803.77,101784.58,101755.77,101699.77,101616.58,101318.98,101035.77,101048.58,100814.98,99643.77,99355.77,99566.98,99365.375,98893.375,98278.98
101584.58,101587.77,101594.17,101589.375,101651.77,101637.375,101645.375,101654.98,101661.375,101667.77,101674.17,101675.77,101680.58,101686.98,101690.17,101696.58,101701.375,101707.77,101717.375,101717.375,101714.17,101704.58,101699.77,101698.17,101706.17,101720.58,101738.17,101754.17,101766.98,101786.17,101794.17,101806.98,101813.375,101819.77,101819.77,101822.98,101824.58,101829.375,101827.77,101819.77,101768.58,101589.375,101784.58,101758.98,101734.98,101707.77,101670.98,101600.58,101154.17,100918.98,100896.58,100862.98,100434.17,100499.77,100526.98,98557.375,98054.98,98350.98,98418.17
101542.98,101552.58,101560.58,101560.58,100883.77,101595.77,101605.375,101605.375,101610.17,101618.17,101622.98,101626.17,101629.375,101629.375,101630.98,101634.17,101642.17,101651.77,101658.17,101662.98,101656.58,101648.58,101643.77,101643.77,101651.77,101662.98,101675.77,101691.77,101707.77,101720.58,101736.58,101746.17,101758.98,101765.375,101771.77,101771.77,101771.77,101774.98,101770.17,101747.77,101722.17,101731.77,101715.77,101686.98,101659.77,101629.375,101586.17,101517.375,101408.58,101141.375,100888.58,100939.77,100550.98,100242.17,99283.77,98826.17,98482.17,97077.375,97915.77
101499.77,101509.375,101522.17,101523.77,101587.77,101557.375,101555.77,101555.77,101562.17,101568.58,101573.375,101571.77,101573.375,101576.58,101579.77,101586.17,101595.77,101605.375,101610.17,101613.375,101608.58,101602.17,101595.77,101598.98,101606.98,101611.77,101622.98,101635.77,101650.17,101670.98,101686.98,101696.58,101704.58,101709.375,101709.375,101707.77,101707.77,101701.375,101686.98,101685.375,101678.98,101662.98,101640.58,101614.98,101589.375,101557.375,101518.98,101453.375,101350.98,100920.58,100771.77,100658.17,100389.375,99166.98,97309.375,97531.77,96477.375,96765.375,97363.77
101450.17,101467.77,101480.58,101504.58,101510.98,101520.58,101520.58,101517.375,101517.375,101523.77,101526.98,101525.375,101523.77,101528.58,101530.17,101542.98,101554.17,101565.375,101570.17,101570.17,101565.375,101562.17,101558.98,101557.375,101557.375,101563.77,101574.98,101590.98,101610.17,101622.98,101634.17,101643.77,101645.375,101646.98,101645.375,101645.375,101638.98,101632.58,101630.98,101626.17,101613.375,101595.77,101574.98,101554.17,101525.375,101491.77,101453.375,101394.17,101306.17,101026.17,100864.58,100282.17,98950.98,96933.375,96195.77,96138.17,97002.17,97184.58,97562.17
101376.58,100814.98,101386.17,101464.58,101510.98,101491.77,101490.17,101485.375,101480.58,101482.17,101483.77,101477.375,101478.98,101483.77,101491.77,101506.17,101518.98,101525.375,101526.98,101525.375,101523.77,101523.77,101518.98,101520.58,101522.17,101528.58,101541.375,101552.58,101562.17,101578.17,101582.98,101584.58,101590.98,101594.17,101595.77,101595.77,101595.77,101590.98,101582.98,101571.77,101555.77,101536.58,101517.375,101493.375,101464.58,101432.58,101402.17,101363.77,101320.58,101253.375,101102.98,99245.375,95002.17,92974.98,95827.77,96270.98,96802.17,96934.98,97402.17
99918.98,88286.98,101094.98,101376.58,101438.98,101458.17,101454.98,101451.77,101448.58,101445.375,101440.58,101440.58,101445.375,101446.98,101459.77,101475.77,101483.77,101482.17,101482.17,101485.375,101478.98,101474.17,101474.17,101475.77,101485.375,101491.77,101499.77,101510.98,101522.17,101528.58,101528.58,101531.77,101531.77,101536.58,101542.98,101549.375,101555.77,101550.98,101542.98,101528.58,101507.77,101490.17,101469.375,101438.98,101408.58,101379.77,101357.375,101331.77,101309.375,101290.17,101258.17,100790.98,95906.17,97424.58,95939.77,96157.375,96370.17,96381.375,96186.17
