atmosphereWindy/data/current-pressure-surface-level-gfs-1p00.json
{"header": { "discipline": 0, "disciplineName": "Meteorological products", "gribEdition": 2, "gribLength": 72535, "center": 7, "centerName": "US National Weather Service - NCEP(WMC)", "subcenter": 0, "refTime": "2019-01-20T18:00:00.000Z", "significanceOfRT": 1, "significanceOfRTName": "Start of forecast", "productStatus": 0, "productStatusName": "Operational products", "productType": 1, "productTypeName": "Forecast products", "productDefinitionTemplate": 0, "productDefinitionTemplateName": "Analysis/forecast at horizontal level/layer at a point in time", "parameterCategory": 3, "parameterCategoryName": "Mass", "parameterNumber": 0, "parameterNumberName": "Pressure", "parameterUnit": "Pa", "genProcessType": 2, "genProcessTypeName": "Forecast", "forecastTime": 0, "surface1Type": 1, "surface1TypeName": "Ground or water surface", "surface1Value": 0.0, "surface2Type": 255, "surface2TypeName": "Missing", "surface2Value": 0.0, "gridDefinitionTemplate": 0, "gridDefinitionTemplateName": "Latitude_Longitude", "numberPoints": 65160, "shape": 6, "shapeName": "Earth spherical with radius of 6,371,229.0 m", "gridUnits": "degrees", "resolution": 48, "winds": "true", "scanMode": 0, "nx": 360, "ny": 181, "basicAngle": 0, "lo1": 0.0, "la1": 90.0, "lo2": 359.0, "la2": -90.0, "dx": 1.0, "dy": 1.0 }, "data":
[rows 27 to 53 of 181, columns 295 to 353 of 360]
98538.17,100757.375,100818.17,100837.375,100806.98,100718.98,100629.375,100538.17,100448.58,100358.98,100253.375,100126.98,100034.17,99936.58,99891.77,97757.375,80397.375,75720.58,72632.58,70842.17,69829.375,73942.98,83090.17,91832.58,98712.58,98490.17,98262.98,98037.375,97854.98,97651.77,97434.17,97179.77,97197.375,97426.17,97626.17,97763.77,97886.98,97997.375,98110.98,98232.58,98362.17,98525.375,98736.58,99002.17,99306.17,99619.77,99888.58,100123.77,100296.58,100438.98,100542.98,100629.375,100718.98,100794.17,100850.17,100888.58,100915.77,100952.58,100973.375
101168.58,101165.375,101136.58,101109.375,101037.375,100950.98,100862.98,100742.98,100611.77,100486.98,100373.375,100256.58,100142.98,100024.58,99891.77,99797.375,97848.58,84608.58,79547.77,74589.375,72077.375,74019.77,84370.17,98890.17,98560.58,98274.17,98072.58,97880.58,97659.77,97334.98,96990.98,97162.17,97530.17,97773.375,97974.98,98139.77,98269.375,98368.58,98477.375,98584.58,98678.98,98789.375,98942.98,99144.58,99389.375,99666.17,99946.17,100210.17,100432.58,100608.58,100749.375,100858.17,100949.375,101027.77,101096.58,101155.77,101192.58,101202.17,100747.77
101584.58,101523.77,101472.58,101419.77,101325.375,101176.58,101046.98,100917.375,100779.77,100658.17,100541.375,100418.17,100280.58,100163.77,100040.58,99872.58,99712.58,99165.375,95821.375,96230.98,89800.58,79066.17,92435.77,98701.375,98448.58,98194.17,97962.17,97826.17,97795.77,97723.77,97782.98,97901.375,98067.77,98230.98,98384.58,98514.17,98627.77,98733.375,98826.17,98910.98,99000.58,99104.58,99245.375,99435.77,99656.58,99893.375,100146.17,100397.375,100622.98,100806.98,100950.98,101070.98,101171.77,101259.77,101333.375,101384.58,101429.375,101454.98,101451.77
100882.17,101640.58,101675.77,101632.58,101578.17,101435.77,101280.58,101139.77,100990.98,100840.58,100714.17,100606.98,100482.17,100336.58,100202.17,100075.77,99934.98,99749.375,99555.77,99296.58,98858.17,95200.58,98952.58,98717.375,98363.77,97981.375,97976.58,98104.58,98203.77,98315.77,98419.77,98506.17,98594.17,98691.77,98790.98,98890.17,98984.58,99077.375,99158.98,99237.375,99326.98,99434.17,99594.17,99789.375,100003.77,100226.17,100454.98,100672.58,100875.77,101046.98,101184.58,101299.77,101395.77,101480.58,101557.375,101621.375,101658.17,101669.375,101680.58
96006.98,92458.17,101518.98,101754.17,101757.375,101688.58,101530.17,101333.375,101186.17,101059.77,100936.58,100805.375,100678.98,100554.17,100422.98,100277.375,100126.98,99958.98,99744.58,99546.17,99354.17,99213.375,99091.77,98936.58,98498.17,98254.98,98466.17,98605.375,98734.98,98832.58,98893.375,98950.98,99006.98,99082.17,99160.58,99248.58,99326.98,99405.375,99477.375,99562.17,99653.375,99782.98,99974.98,100186.17,100398.98,100605.375,100813.375,101006.98,101181.375,101331.77,101451.77,101552.58,101637.375,101710.98,101781.375,101835.77,101866.17,101896.58,101898.17
95738.17,93674.17,97334.98,101229.375,101894.98,101882.17,101739.77,101582.98,101453.375,101318.98,101198.98,101086.98,100930.17,100776.58,100622.98,100475.77,100334.98,100178.17,100000.58,99773.375,99565.375,99350.98,99162.17,99069.375,99013.375,98984.58,99018.17,99083.77,99162.17,99250.17,99314.17,99350.98,99386.17,99446.98,99522.17,99590.98,99659.77,99730.17,99805.375,99880.58,99984.58,100166.98,100382.98,100584.58,100784.58,100990.98,101182.98,101349.375,101498.17,101627.77,101730.17,101818.17,101888.58,101952.58,102003.77,102046.98,102080.58,102088.58,100776.58
97029.375,94339.77,95416.58,99467.77,102139.77,102106.17,102054.98,101906.17,101787.77,101690.17,101597.375,101475.77,101339.77,101128.58,100898.17,100701.375,100544.58,100402.17,100237.375,100013.375,99757.375,99531.77,99390.98,99293.375,99198.98,99176.58,99262.98,99424.58,99566.98,99667.77,99707.77,99730.17,99765.375,99821.375,99885.375,99942.98,100003.77,100062.98,100118.98,100192.58,100362.17,100557.375,100763.77,100973.375,101174.98,101365.375,101536.58,101685.375,101811.77,101918.98,102006.98,102072.58,102128.58,102181.375,102221.375,102253.375,102269.375,102267.77,102238.98
97184.58,95638.98,98142.98,99704.58,101968.58,102437.375,102390.98,102341.375,102227.77,102085.375,101968.58,101856.58,101722.17,101552.58,101366.98,101104.58,100843.77,100675.77,100522.17,100328.58,100094.98,99874.17,99699.77,99541.375,99438.98,99522.17,99717.375,99910.98,100042.17,100102.98,100117.375,100125.375,100166.98,100216.58,100262.98,100307.77,100347.77,100376.58,100419.77,100557.375,100736.58,100957.375,101163.77,101362.17,101539.77,101714.17,101867.77,102000.58,102112.58,102194.17,102264.58,102315.77,102357.375,102398.98,102422.98,102434.17,102432.58,102411.77,102368.58
95238.98,96520.58,96672.58,97770.17,100797.375,100594.17,101392.58,102624.58,102634.17,102573.375,102451.77,102307.77,102163.77,101998.98,101840.58,101638.98,101434.17,101206.98,100960.58,100747.77,100552.58,100370.17,100224.58,100157.375,100200.58,100302.98,100422.98,100518.98,100554.17,100552.58,100554.17,100558.98,100586.17,100613.375,100637.375,100659.77,100666.17,100674.17,100778.17,100946.17,101146.17,101347.77,101542.98,101712.58,101899.77,102050.17,102171.77,102278.98,102365.375,102442.17,102493.375,102533.375,102563.77,102582.98,102595.77,102578.17,102552.58,100014.98,100872.58
96677.375,96672.58,96552.58,96941.375,99499.77,99122.17,102291.77,101011.77,102904.58,102867.77,102813.375,102674.17,102539.77,102402.17,102251.77,102115.77,101966.98,101814.98,101645.375,101470.98,101315.77,101194.17,101126.98,101078.98,101043.77,101040.58,101040.58,101029.375,101010.17,100990.98,100978.17,100976.58,100979.77,100979.77,100974.98,100968.58,100946.17,101024.58,101162.17,101333.375,101517.375,101698.17,101877.375,102074.17,102218.17,102334.98,102437.375,102525.375,102597.375,102654.98,102691.77,102715.77,102730.17,102730.17,102712.58,102134.98,101522.17,101234.17,100766.98
95302.98,95808.58,98427.77,99085.375,99842.17,99419.77,97598.98,99202.17,98763.77,102339.77,102992.58,102917.375,102798.98,102694.98,102587.77,102477.375,102365.375,102250.17,102139.77,102030.98,101923.77,101821.375,101734.98,101659.77,101594.17,101547.77,101501.375,101459.77,101422.98,101394.17,101371.77,101352.58,101326.98,101302.98,101275.77,101227.77,101267.77,101370.17,101515.77,101670.98,101842.17,102014.98,102190.98,102342.98,102467.77,102573.375,102667.77,102742.98,102798.98,102834.17,102853.375,102866.17,102856.58,102834.17,102789.375,102715.77,101632.58,101432.58,101304.58
94963.77,95805.375,95866.17,98792.58,97987.77,98448.58,98896.58,98640.58,98814.98,100734.98,103141.375,103093.375,103003.77,102925.375,102853.375,102779.77,102694.98,102614.98,102517.375,102418.17,102328.58,102235.77,102152.58,102082.17,102005.375,101931.77,101869.375,101816.58,101774.98,101736.58,101691.77,101646.98,101600.58,101560.58,101483.77,101504.58,101576.58,101686.98,101811.77,101963.77,102109.375,102256.58,102416.58,102554.17,102659.77,102757.375,102838.98,102899.77,102947.77,102968.58,102974.98,102965.375,102936.58,102886.98,102821.375,100898.17,100078.98,101573.375,102546.17
95878.98,95814.98,97605.375,99307.77,99555.77,99899.77,102750.98,103291.77,102842.17,102395.77,103189.375,103149.375,103104.58,103069.375,103034.17,102990.98,102936.58,102890.17,102832.58,102755.77,102683.77,102595.77,102496.58,102400.58,102320.58,102242.17,102170.17,102102.98,102043.77,101986.17,101922.17,101861.375,101810.17,101720.58,101726.98,101770.17,101846.98,101941.375,102054.98,102170.17,102299.77,102451.77,102602.17,102718.98,102811.77,102899.77,102974.98,103030.98,103059.77,103067.77,103061.375,103029.375,102978.17,102904.58,102826.17,102766.98,102682.17,102600.58,102490.17
102640.58,102736.58,102864.58,102963.77,103051.77,103125.375,103123.77,103152.58,98502.98,101934.98,103208.58,103205.375,103205.375,103192.58,103179.77,103163.77,103138.17,103109.375,103067.77,103010.17,102931.77,102848.58,102762.17,102670.98,102574.98,102485.375,102403.77,102330.17,102251.77,102171.77,102094.98,102029.375,101941.375,101920.58,101949.375,101984.58,102038.98,102122.17,102219.77,102330.17,102462.98,102608.58,102741.375,102845.375,102934.98,103018.17,103080.58,103122.17,103142.98,103142.98,103110.98,103061.375,102995.77,102907.77,102824.58,102731.77,102646.98,102536.58,102421.375
97758.98,102344.58,102429.375,102528.58,102670.98,102794.17,102864.58,100267.77,98712.58,100878.98,101659.77,102666.17,103267.77,103267.77,103272.58,103275.77,103277.375,103264.58,103232.58,103182.98,103125.375,103051.77,102973.375,102882.17,102782.98,102682.17,102594.17,102498.17,102395.77,102293.375,102205.375,102104.58,102077.375,102088.58,102088.58,102098.17,102141.375,102205.375,102306.17,102451.77,102595.77,102728.58,102838.98,102942.98,103027.77,103106.17,103154.17,103186.17,103197.375,103174.98,103131.77,103074.17,102998.98,102896.58,102803.77,102699.77,102590.98,102454.98,102347.77
101701.375,101853.375,101963.77,102130.17,102298.17,102494.98,99813.375,97675.77,99408.58,100250.17,100883.77,101344.58,102674.17,103294.98,103310.98,103334.98,103350.98,103346.17,103328.58,103291.77,103242.17,103179.77,103106.17,103024.58,102930.17,102821.375,102712.58,102608.58,102488.58,102382.98,102270.98,102213.375,102197.375,102158.98,102112.58,102078.98,102075.77,102146.17,102288.58,102461.375,102634.17,102766.98,102906.17,103024.58,103104.58,103171.77,103210.17,103226.17,103224.58,103187.77,103134.98,103069.375,102976.58,102875.77,102773.375,102653.375,102526.98,102386.17,102288.58
101125.375,101318.98,101499.77,101690.17,101899.77,102142.98,102370.17,102566.98,102730.17,102714.17,102984.58,101448.58,102042.17,103270.98,103315.77,103347.77,103368.58,103374.98,103363.77,103338.17,103301.375,103251.77,103189.375,103093.375,102992.58,102891.77,102784.58,102669.375,102546.17,102418.17,102344.58,102320.58,102256.58,102157.375,102013.375,101763.77,101720.58,101890.17,102061.375,102366.98,102597.375,102800.58,102963.77,103091.77,103160.58,103213.375,103250.17,103245.375,103227.77,103186.17,103118.98,103046.98,102946.17,102843.77,102730.17,102603.77,102470.98,102333.375,102230.98
99946.17,100866.17,101099.77,101421.375,100333.375,101563.77,102170.17,102395.77,102592.58,102757.375,102891.77,103024.58,103139.77,103226.17,103290.17,103339.77,103363.77,103365.375,103355.77,103334.98,103294.98,103245.375,103190.98,103109.375,103016.58,102925.375,102826.17,102701.375,102571.77,102493.375,102459.77,102406.98,102283.77,102082.17,101795.77,101629.375,101630.98,101766.98,102024.58,102320.58,102611.77,102826.17,103013.375,103144.58,103213.375,103250.17,103269.375,103254.98,103222.98,103170.17,103091.77,103005.375,102901.375,102792.58,102678.98,102555.77,102424.58,102291.77,102192.58
99434.17,99570.17,99634.17,101048.58,101544.58,101794.17,102038.98,102309.375,102522.17,102701.375,102832.58,102957.375,103094.98,103202.17,103272.58,103315.77,103338.17,103338.17,103325.375,103310.98,103264.58,103218.17,103168.58,103096.58,103019.77,102931.77,102819.77,102712.58,102642.17,102613.375,102565.375,102464.58,102277.375,102046.98,101856.58,101776.58,101806.98,101926.98,102154.17,102408.58,102688.58,102902.98,103082.17,103192.58,103253.375,103278.98,103285.375,103256.58,103210.17,103142.98,103056.58,102957.375,102850.17,102734.98,102618.17,102498.17,102379.77,102270.98,102181.375
99234.17,100504.58,100822.98,101133.375,101392.58,101653.375,101910.98,102200.58,102416.58,102621.375,102792.58,102942.98,103075.77,103171.77,103230.98,103266.17,103280.58,103269.375,103266.17,103251.77,103213.375,103170.17,103125.375,103059.77,102974.98,102893.375,102824.58,102778.17,102770.17,102738.17,102659.77,102533.375,102355.77,102157.375,102029.375,101981.375,102014.98,102133.375,102325.375,102539.77,102795.77,102992.58,103146.17,103242.17,103286.98,103302.98,103286.98,103248.58,103192.58,103114.17,103018.17,102912.58,102803.77,102685.375,102566.98,102450.17,102352.58,102242.17,102182.98
100267.77,100547.77,100830.98,101093.375,101326.98,101581.375,101859.77,102096.58,102344.58,102555.77,102720.58,102882.17,103019.77,103112.58,103165.375,103190.98,103200.58,103202.17,103189.375,103163.77,103128.58,103107.77,103072.58,103010.17,102960.58,102918.98,102906.17,102915.77,102902.98,102851.77,102765.375,102650.17,102504.58,102357.375,102251.77,102202.17,102229.375,102344.58,102520.58,102722.17,102915.77,103083.77,103206.98,103285.375,103309.375,103309.375,103285.375,103232.58,103168.58,103082.17,102986.17,102874.17,102770.17,102654.98,102534.98,102419.77,98530.17,95859.77,94112.58
100394.17,100645.375,100898.17,101150.98,101386.17,101606.98,101853.375,102106.17,102318.98,102515.77,102680.58,102819.77,102931.77,103016.58,103069.375,103085.375,103098.17,103085.375,103070.98,103070.98,103069.375,103054.98,103034.17,103011.77,103003.77,103016.58,103032.58,103029.375,103006.98,102944.58,102859.77,102755.77,102637.375,102525.375,102437.375,102402.17,102440.58,102566.98,102715.77,102885.375,103034.17,103165.375,103253.375,103310.98,103318.98,103304.58,103277.375,103214.98,103144.58,103051.77,102955.77,102848.58,102741.375,102629.375,102510.98,102392.58,102155.77,91958.98,89570.17
100525.375,100766.98,101018.17,101261.375,101493.375,101685.375,101859.77,102099.77,102304.58,102488.58,102646.98,102746.17,102818.17,102854.98,102894.98,102944.58,102963.77,102966.98,102978.17,103008.58,103024.58,103034.17,103056.58,103085.375,103107.77,103123.77,103122.17,103106.17,103077.375,103018.17,102936.58,102850.17,102747.77,102659.77,102602.17,102600.58,102656.58,102763.77,102894.98,103022.98,103136.58,103226.17,103286.98,103315.77,103317.375,103291.77,103251.77,103189.375,103114.17,103029.375,102931.77,102824.58,102715.77,102606.98,102491.77,102368.58,102230.98,93784.58,96512.58
100675.77,100915.77,101152.58,101373.375,101589.375,101773.375,101917.375,102094.98,102285.375,102445.375,102563.77,102646.98,102701.375,102728.58,102744.58,102770.17,102832.58,102872.58,102933.375,103002.17,103061.375,103096.58,103128.58,103152.58,103171.77,103179.77,103171.77,103155.77,103134.98,103090.17,103026.17,102952.58,102874.17,102806.98,102778.17,102790.98,102850.17,102949.375,103051.77,103131.77,103206.98,103269.375,103301.375,103310.98,103299.77,103269.375,103224.58,103162.17,103082.17,103002.17,102909.375,102803.77,102693.375,102576.58,102462.98,102339.77,102152.58,95283.77,97602.17
100830.98,101058.17,101277.375,101478.98,101675.77,101851.77,102005.375,102150.98,102286.98,102406.98,102498.17,102555.77,102603.77,102619.77,102664.58,102749.375,102824.58,102899.77,102976.58,103035.77,103086.98,103118.98,103152.58,103179.77,103195.77,103202.17,103197.375,103182.98,103170.17,103147.77,103109.375,103051.77,102992.58,102954.17,102936.58,102958.98,103029.375,103094.98,103179.77,103208.58,103254.98,103288.58,103298.17,103293.375,103275.77,103232.58,103186.17,103125.375,103050.17,102966.98,102880.58,102779.77,102666.17,102552.58,102437.375,102312.58,101005.375,100195.77,99283.77
100986.17,101203.77,101410.17,101595.77,101766.98,101925.375,102078.98,102213.375,102312.58,102392.58,102462.98,102515.77,102571.77,102637.375,102715.77,102786.17,102869.375,102930.17,102976.58,103013.375,103059.77,103104.58,103139.77,103168.58,103187.77,103194.17,103187.77,103181.375,103173.375,103163.77,103146.17,103118.98,103086.98,103061.375,103074.17,103117.375,103155.77,103194.17,103243.77,103259.77,103275.77,103288.58,103282.17,103264.58,103243.77,103200.58,103150.98,103088.58,103018.17,102936.58,102846.98,102747.77,102640.58,102530.17,102411.77,102282.17,102182.98,99987.77,97224.58
101122.17,101323.77,101522.17,101704.58,101866.17,102010.17,102141.375,102261.375,102350.98,102421.375,102483.77,102538.17,102605.375,102683.77,102752.58,102816.58,102882.17,102912.58,102928.58,102939.77,102978.17,103032.58,103082.17,103117.375,103144.58,103165.375,103171.77,103174.98,103173.375,103173.375,103166.98,103158.98,103162.17,103176.58,103198.98,103227.77,103254.98,103274.17,103278.98,103294.98,103278.98,103275.77,103259.77,103227.77,103203.77,103162.17,103114.17,103051.77,102984.58,102902.98,102816.58,102723.77,102619.77,102506.17,102390.98,102259.77,102048.58,101677.375,101858.17
