atmosphereWindy/data/current-temp-surface-level-gfs-1p00.json
{"header": {"discipline":0,"disciplineName":"Meteorologicalproducts","gribEdition":2,"gribLength":70064,"center":7,"centerName":"USNationalWeatherService-NCEP(WMC)","subcenter":0,"refTime":"2018-12-21T00:00:00.000Z","significanceOfRT":1,"significanceOfRTName":"Startofforecast","productStatus":0,"productStatusName":"Operationalproducts","productType":1,"productTypeName":"Forecastproducts","productDefinitionTemplate":0,"productDefinitionTemplateName":"Analysis/forecastathorizontallevel/layeratapointintime","parameterCategory":0,"parameterCategoryName":"Temperature","parameterNumber":0,"parameterNumberName":"Temperature","parameterUnit":"K","genProcessType":2,"genProcessTypeName":"Forecast","forecastTime":0,"surface1Type":103,"surface1TypeName":"Specifiedheightlevelaboveground","surface1Value":2,"surface2Type":255,"surface2TypeName":"Missing","surface2Value":0,"gridDefinitionTemplate":0,"gridDefinitionTemplateName":"Latitude_Longitude","numberPoints":65160,"shape":6,"shapeName":"Earthsphericalwithradiusof6,371,229.0m","gridUnits":"degrees","resolution":48,"winds":"true","scanMode":0,"nx":360,"ny":181,"basicAngle":0,"lo1":0,"la1":90,"lo2":359,"la2":-90,"dx":1,"dy":1}, "data":
[rows 42 to 83 of 181, columns 188 to 281 of 360]
278,278,278,278,278,278,278,278,278,279,279,279,279,279,279,280,280,280,280,280,281,281,281,281,281,282,282,281,281,281,281,281,281,281,281,280,280,281,281,281,282,282,282,282,282,282,282,282,275,279,280,271,277,280,278,276,276,275,276,274,280,281,277,277,278,276,275,274,274,273,273,273,268,266,268,265,263,266,266,267,267,266,266,270,271,271,272,272,274,274,274,274,274,273
278,278,278,278,278,278,278,278,278,279,279,279,279,279,279,280,280,280,280,281,281,281,281,281,281,282,282,282,281,281,281,281,281,281,281,281,281,281,281,282,282,282,282,282,283,282,283,283,281,280,276,273,282,282,280,278,275,274,274,273,276,274,279,279,279,276,275,275,274,274,274,274,273,271,269,267,265,267,268,269,268,273,273,271,272,274,277,276,274,275,275,274,273,273
279,279,279,279,279,279,279,279,279,279,279,279,279,279,280,280,280,280,280,281,281,281,281,281,282,282,282,283,282,282,282,282,282,282,281,281,281,281,282,282,282,283,283,283,283,283,283,283,282,280,276,276,281,282,277,279,279,275,275,272,272,271,275,276,277,277,277,274,273,274,275,275,273,272,272,271,269,269,270,271,271,271,272,271,273,275,276,276,276,277,276,275,274,273
279,279,279,279,279,279,279,279,279,279,279,279,280,280,280,280,280,281,281,281,281,282,282,282,282,282,283,283,283,282,282,282,283,282,282,282,281,281,282,282,283,283,283,283,283,283,284,284,282,282,275,279,277,278,274,273,271,273,273,270,269,267,264,273,270,276,275,272,274,274,275,277,276,276,273,271,271,271,271,272,272,273,273,273,275,277,278,275,275,279,280,277,276,273
280,280,280,280,280,280,280,280,280,280,280,280,280,280,280,281,281,281,281,281,282,282,282,282,282,283,283,284,284,283,283,283,283,283,283,283,282,282,282,282,283,283,283,283,284,284,284,284,281,280,273,279,278,274,271,279,276,269,270,266,270,270,262,271,270,269,275,273,267,275,276,277,277,276,274,273,271,270,271,271,272,274,275,275,275,278,276,275,276,276,277,275,275,275
281,281,280,280,280,280,280,280,281,281,281,281,281,281,281,281,281,281,282,282,282,282,282,282,283,283,284,284,284,284,284,283,284,284,283,283,283,283,283,283,284,284,284,284,284,284,285,285,280,279,274,277,279,279,276,277,280,277,272,271,270,271,265,272,272,272,272,273,273,275,274,275,275,275,274,273,272,271,271,272,273,275,275,276,276,278,278,277,276,276,276,275,277,279
282,282,282,281,281,281,281,281,281,281,281,281,282,281,282,282,282,282,282,282,282,283,283,283,283,284,285,285,285,285,284,284,284,284,284,284,284,284,284,284,285,285,285,285,285,285,285,285,280,277,277,278,277,277,275,276,275,274,272,272,274,268,264,263,265,267,267,276,276,274,274,274,274,274,276,276,274,273,272,273,274,276,276,276,279,276,279,279,277,276,278,278,278,276
282,282,282,282,282,282,282,282,282,282,282,282,282,282,282,282,282,283,283,283,283,283,283,284,284,285,286,286,285,285,285,285,285,285,285,285,285,285,285,285,285,285,286,286,286,286,286,286,284,275,279,280,278,281,280,275,273,274,273,274,277,272,271,269,270,266,269,274,275,276,275,274,275,276,277,277,275,274,273,274,276,277,276,277,280,280,280,279,278,278,278,278,279,278
285,284,283,282,282,282,282,282,282,282,282,282,282,283,283,283,283,283,283,283,284,284,284,285,286,286,286,286,286,286,286,286,285,285,286,285,285,286,286,286,286,286,286,286,287,287,287,287,285,278,285,281,282,280,279,278,276,274,277,279,276,270,271,272,272,266,265,276,276,276,277,277,277,278,278,278,277,275,275,275,276,277,277,278,281,281,280,278,279,279,279,280,281,276
286,285,284,283,283,282,282,282,283,282,282,282,283,283,283,283,283,284,284,284,284,285,286,286,287,287,286,286,286,286,286,286,286,286,286,286,286,287,287,286,287,287,287,287,287,287,287,287,287,284,286,284,276,284,282,278,275,275,280,281,275,274,275,274,269,262,269,272,272,277,276,277,278,279,279,279,278,276,276,277,277,277,277,278,281,280,280,280,279,279,281,282,284,274
287,288,287,287,286,286,285,284,283,283,283,283,283,283,283,284,284,284,285,285,286,287,287,287,287,287,287,286,287,287,287,286,286,286,286,287,287,287,287,287,287,287,287,287,287,287,287,288,288,285,285,284,282,276,284,282,281,280,277,279,274,276,275,275,269,264,271,272,278,279,279,278,279,279,279,280,279,277,277,277,277,277,278,279,281,280,280,280,279,280,282,283,278,277
289,289,289,289,290,289,288,287,286,285,285,284,284,284,284,284,285,285,286,288,288,288,288,288,287,287,287,287,287,287,287,287,287,287,287,287,287,287,287,288,288,288,288,288,287,287,288,288,288,287,285,285,285,278,277,284,284,286,285,282,279,279,280,280,274,271,271,272,274,276,279,279,281,281,280,280,281,279,277,276,277,278,279,280,281,280,280,280,280,280,282,283,280,286
290,290,290,291,291,290,290,290,290,289,288,287,286,286,287,288,289,289,288,288,288,288,288,287,287,287,287,287,287,287,288,287,287,288,288,288,288,288,288,288,288,288,288,288,288,289,289,289,288,288,287,289,288,288,285,287,288,288,285,281,280,280,280,274,278,272,276,272,277,278,278,280,281,281,281,281,282,280,278,278,279,280,280,281,281,280,280,279,281,282,278,281,289,290
291,291,291,291,291,291,290,291,290,290,290,290,290,290,290,289,289,289,289,288,288,288,288,287,287,287,287,287,288,288,288,288,288,288,288,288,288,288,289,289,289,289,289,289,290,289,289,289,288,288,288,288,288,289,290,290,290,290,286,284,282,282,282,279,277,282,277,281,279,276,279,281,282,281,281,282,281,279,280,280,281,281,280,281,281,281,281,281,281,281,282,290,291,291
292,292,291,291,291,291,291,291,291,291,291,291,290,291,290,290,290,290,289,289,289,289,288,288,288,288,288,288,288,288,288,288,288,289,289,289,289,289,289,289,289,290,289,290,290,289,289,289,289,289,289,288,289,290,295,288,289,292,291,289,288,283,281,274,279,281,279,281,280,278,280,282,283,282,282,282,281,280,281,282,282,282,281,282,282,283,283,282,281,285,288,290,291,292
293,293,292,292,292,292,292,292,292,291,291,291,291,291,291,290,290,290,290,289,289,289,289,288,288,289,289,289,289,289,289,289,289,290,290,290,290,290,290,290,290,290,291,291,290,290,289,289,289,289,289,288,288,288,289,291,292,294,293,294,290,289,287,282,278,283,280,281,282,281,282,283,283,282,283,286,283,281,283,283,282,283,282,283,283,284,285,285,285,288,289,291,292,295
294,293,293,293,293,293,292,292,292,292,292,291,291,291,291,291,290,290,290,290,289,289,289,289,289,289,290,289,289,289,289,290,290,291,291,291,291,291,291,291,291,292,291,291,290,290,289,289,289,289,289,288,289,289,290,291,288,296,293,295,292,291,286,286,285,285,283,282,283,284,283,283,283,283,283,284,284,282,282,284,282,282,282,283,284,285,286,287,287,289,290,292,295,298
294,294,294,293,293,293,293,292,292,292,292,292,292,291,291,291,290,290,290,290,290,289,290,290,290,290,290,290,290,290,290,290,291,291,291,291,291,291,292,293,292,292,291,291,290,290,289,289,289,289,289,289,289,289,290,290,294,293,294,295,295,290,286,283,287,285,283,283,280,283,284,283,283,283,284,284,284,283,283,283,283,281,281,283,285,286,287,287,289,289,290,293,295,298
294,294,294,293,293,293,293,293,293,292,292,292,292,291,291,291,291,290,290,290,290,290,291,291,291,291,291,291,291,291,291,291,291,291,292,292,292,292,293,293,292,292,291,291,290,290,289,289,289,289,289,289,290,290,291,291,290,296,294,293,297,296,290,288,281,285,285,283,284,283,286,285,283,283,285,285,285,286,286,284,284,283,284,286,288,289,290,288,291,290,290,294,296,297
294,294,294,293,293,293,293,293,293,293,293,292,292,292,291,291,291,291,291,291,291,291,291,292,292,292,291,291,292,292,292,292,292,292,292,292,293,293,293,293,292,292,291,291,290,290,289,289,290,290,290,290,290,291,292,291,292,291,298,294,296,300,294,289,281,282,285,286,284,286,279,288,287,287,287,286,286,290,290,290,289,287,286,287,289,290,291,293,293,292,290,291,295,297
295,294,294,294,294,294,294,294,294,293,293,293,293,292,292,292,292,292,292,292,292,292,292,292,293,292,292,292,292,292,292,292,292,292,293,293,294,294,294,293,292,292,291,291,291,290,290,290,290,291,291,291,291,292,292,292,292,294,295,296,294,299,300,290,283,281,286,287,286,284,283,288,289,289,289,291,291,291,291,291,290,289,289,290,290,291,293,294,293,293,291,291,294,298
295,295,294,294,294,294,294,294,294,294,294,294,294,293,293,293,292,292,293,293,293,293,293,293,293,293,293,293,293,293,293,293,293,293,293,294,294,294,294,293,293,292,291,291,291,290,290,291,291,291,291,291,291,292,293,293,293,294,297,301,297,295,297,296,292,280,283,286,288,286,287,287,290,290,291,293,292,292,292,292,291,291,291,291,292,292,293,295,295,295,291,293,295,298
295,295,295,295,295,295,295,295,295,295,295,294,294,294,294,293,293,293,293,294,293,293,294,294,294,294,294,294,294,293,294,294,294,294,295,295,294,294,294,294,293,292,292,292,291,291,291,292,292,292,292,292,292,292,293,293,294,294,295,295,299,296,296,296,295,283,281,284,288,289,287,288,287,292,293,294,293,293,293,293,293,292,292,293,293,294,295,296,296,297,294,293,297,298
296,295,295,295,295,295,295,296,296,295,295,295,295,294,294,294,294,294,294,294,294,294,294,294,294,294,294,294,294,294,294,295,295,295,295,295,295,295,294,294,294,293,292,292,292,292,292,292,292,292,292,293,293,293,294,294,294,294,295,296,297,296,297,297,297,294,282,284,287,287,286,282,283,290,293,295,295,294,294,294,294,294,294,294,295,296,297,298,297,297,297,296,298,299
296,296,296,296,296,296,296,296,296,296,295,295,295,295,295,295,295,294,294,295,295,295,295,295,295,295,295,295,295,295,296,296,296,296,295,295,295,295,295,295,294,294,293,293,292,292,293,293,293,293,293,293,294,293,294,294,294,295,296,298,297,297,294,297,297,296,290,282,285,286,286,287,283,291,291,296,295,295,295,295,295,296,296,297,297,298,298,299,299,298,298,299,299,300
297,297,297,297,297,297,297,297,296,296,296,296,296,295,295,295,295,295,295,295,295,295,296,296,296,296,296,296,296,296,296,296,296,296,295,295,295,295,295,295,294,294,294,294,293,293,294,293,293,293,294,294,294,293,294,295,295,296,297,297,296,297,295,297,297,297,295,292,286,283,285,287,287,292,291,296,296,296,296,296,297,297,297,298,298,298,299,300,299,297,295,297,299,300
298,297,297,297,297,297,297,297,297,296,296,296,297,296,296,296,296,296,296,296,296,296,296,296,297,297,297,296,296,296,296,296,296,296,296,296,296,296,295,295,295,295,294,294,294,293,294,294,294,294,294,294,294,294,294,295,295,296,296,297,297,297,297,297,297,298,299,297,289,286,286,286,291,292,293,296,296,296,297,297,297,298,298,298,298,299,300,300,297,299,299,300,294,296
298,298,298,298,298,297,297,297,297,297,297,297,297,297,297,297,296,296,296,296,297,297,297,297,297,297,297,297,296,296,297,296,296,296,296,296,296,296,296,296,295,295,295,295,294,294,294,294,294,295,294,294,295,294,295,295,296,296,296,297,297,297,297,297,298,298,299,293,292,291,289,286,287,286,291,297,297,297,297,298,298,298,296,294,294,294,300,299,299,300,300,301,301,300
298,298,298,298,298,298,298,298,297,297,297,297,297,297,298,297,299,296,297,297,297,297,297,297,297,297,297,297,297,297,297,297,296,296,296,296,296,296,296,296,295,295,295,295,295,295,295,295,295,295,295,295,295,295,296,296,296,296,296,297,297,297,297,297,298,298,298,294,294,286,286,287,283,285,280,290,298,298,298,298,298,298,295,297,295,299,299,300,300,301,301,301,301,301
298,298,298,298,298,298,298,298,298,298,298,298,298,298,298,297,298,297,297,297,298,298,298,298,298,297,297,297,297,297,297,297,297,296,296,296,296,296,296,296,296,296,296,296,296,295,295,295,295,295,296,296,296,296,297,296,296,296,297,297,297,297,298,298,298,298,298,298,296,291,296,296,285,286,287,288,297,298,298,299,299,297,296,296,298,300,300,300,301,301,301,301,301,301
299,298,298,298,298,298,298,298,298,298,298,298,298,298,298,298,298,298,298,298,298,298,298,298,298,298,298,298,297,297,297,297,297,297,297,297,296,296,296,296,296,296,296,296,296,296,295,295,296,296,296,297,297,297,297,297,297,297,297,297,298,298,298,298,298,298,299,299,299,299,297,288,294,296,293,290,294,294,295,295,295,295,295,298,301,300,300,301,301,301,301,301,301,301
299,299,299,298,298,298,298,299,299,299,299,299,299,298,298,298,298,298,298,298,298,298,298,298,298,298,298,298,298,298,298,297,297,297,297,297,297,297,296,296,296,296,296,296,296,296,296,296,297,297,297,297,297,297,297,297,298,298,297,298,298,298,298,298,298,299,299,299,299,300,300,301,296,292,292,285,286,295,291,289,289,296,297,296,300,301,300,301,301,301,301,301,301,301
299,299,299,299,299,299,299,299,299,299,299,299,299,299,299,299,299,298,298,298,298,298,298,298,298,298,298,298,298,298,298,297,297,297,297,297,297,297,297,297,297,297,297,297,297,297,297,297,297,297,297,297,297,298,298,298,298,298,298,298,298,298,298,299,299,299,299,299,299,300,300,301,301,301,300,294,293,300,301,294,292,295,295,301,302,300,300,301,301,301,301,301,301,301
300,300,299,300,299,299,299,299,299,299,299,299,299,299,299,299,299,299,299,299,299,298,298,298,298,298,298,298,298,298,298,298,298,298,298,298,297,297,297,297,297,297,297,297,298,298,298,298,298,298,298,298,298,298,298,298,298,298,298,298,299,299,299,299,299,299,300,300,300,300,300,301,301,301,301,301,301,301,301,301,289,287,292,293,295,291,292,297,297,301,301,301,301,301
300,300,300,299,299,299,299,299,299,299,299,299,299,299,299,299,299,299,299,299,299,299,299,299,299,298,298,298,297,297,298,298,298,298,298,298,298,298,298,298,298,298,298,298,298,298,298,298,298,298,299,299,299,299,299,299,298,299,299,299,299,299,299,299,300,300,300,300,300,301,301,301,301,301,301,301,300,300,300,301,301,298,292,297,289,293,293,296,297,301,301,301,301,301
300,300,300,299,299,300,300,299,299,299,299,299,299,299,299,299,299,299,299,299,299,299,299,299,299,299,298,298,298,298,298,298,298,298,298,298,298,298,298,298,299,299,299,299,299,299,299,299,299,299,299,299,299,299,299,299,299,299,299,299,299,299,299,300,300,300,300,300,300,301,301,301,301,301,301,301,300,300,300,301,300,300,300,301,300,300,294,297,297,301,301,301,301,301
300,300,300,300,300,300,300,300,300,300,299,299,299,299,299,299,299,299,299,299,299,299,299,299,299,298,298,298,298,298,298,298,298,298,298,298,299,299,299,299,299,300,300,300,300,299,299,299,300,300,300,300,300,300,300,299,299,300,300,300,300,300,300,300,300,300,300,300,300,300,301,301,301,301,300,300,300,300,300,301,301,300,300,300,300,300,299,296,297,301,301,301,301,300
300,300,300,300,300,300,300,300,300,300,300,299,299,299,299,300,300,300,299,299,299,299,299,300,299,298,298,298,298,298,298,298,299,299,299,299,299,299,299,300,300,300,300,300,300,300,300,300,300,300,300,300,300,300,300,300,300,300,300,300,300,299,300,300,300,300,300,300,300,300,300,300,300,300,300,300,300,300,301,300,300,300,300,300,300,300,301,299,297,301,301,301,301,300
300,300,300,300,300,300,300,300,300,300,300,300,300,300,300,300,300,300,300,300,300,300,300,299,299,298,298,299,299,299,299,299,299,299,299,299,300,300,300,300,300,300,300,300,300,300,300,300,300,300,300,300,300,300,301,301,301,300,300,300,300,300,300,300,300,300,300,300,300,300,300,300,300,300,300,300,300,300,300,300,300,300,300,299,300,300,300,301,289,300,301,301,301,301
300,300,300,301,300,300,300,300,300,301,301,301,301,301,301,300,300,300,300,300,300,300,300,300,299,299,298,299,299,299,299,300,300,300,300,300,300,300,300,300,300,300,300,301,300,300,301,301,301,301,301,301,301,301,301,301,301,300,300,300,300,300,300,300,300,300,300,300,300,300,300,300,300,300,300,300,300,300,300,300,300,300,300,300,300,301,301,301,301,291,300,300,297,299
301,301,301,301,301,301,301,301,301,301,301,301,301,301,301,301,300,300,300,300,300,300,300,300,300,300,300,300,300,300,300,300,300,300,300,301,301,300,300,300,301,301,301,301,301,301,301,301,301,300,300,301,301,301,301,300,300,300,300,300,300,300,300,300,300,300,300,300,300,300,300,300,300,300,300,300,300,300,300,299,299,300,300,300,300,301,301,302,302,301,301,299,301,301
301,301,301,301,301,301,301,301,301,301,301,301,301,301,301,300,300,299,300,300,300,301,301,300,300,300,300,301,301,301,300,301,301,300,300,301,301,301,301,301,301,301,301,301,301,301,301,301,300,300,300,300,300,301,301,300,300,300,300,300,300,300,300,300,300,300,300,300,299,300,300,300,300,300,300,300,300,300,300,300,300,300,301,301,301,301,301,301,301,302,302,301,301,301
