atmosphereWindy/data/current-pressure-surface-level-gfs-1p00.json
{"header": { "discipline": 0, "disciplineName": "Meteorological products", "gribEdition": 2, "gribLength": 72535, "center": 7, "centerName": "US National Weather Service - NCEP(WMC)", "subcenter": 0, "refTime": "2019-01-20T18:00:00.000Z", "significanceOfRT": 1, "significanceOfRTName": "Start of forecast", "productStatus": 0, "productStatusName": "Operational products", "productType": 1, "productTypeName": "Forecast products", "productDefinitionTemplate": 0, "productDefinitionTemplateName": "Analysis/forecast at horizontal level/layer at a point in time", "parameterCategory": 3, "parameterCategoryName": "Mass", "parameterNumber": 0, "parameterNumberName": "Pressure", "parameterUnit": "Pa", "genProcessType": 2, "genProcessTypeName": "Forecast", "forecastTime": 0, "surface1Type": 1, "surface1TypeName": "Ground or water surface", "surface1Value": 0.0, "surface2Type": 255, "surface2TypeName": "Missing", "surface2Value": 0.0, "gridDefinitionTemplate": 0, "gridDefinitionTemplateName": "Latitude_Longitude", "numberPoints": 65160, "shape": 6, "shapeName": "Earth spherical with radius of 6,371,229.0 m", "gridUnits": "degrees", "resolution": 48, "winds": "true", "scanMode": 0, "nx": 360, "ny": 181, "basicAngle": 0, "lo1": 0.0, "la1": 90.0, "lo2": 359.0, "la2": -90.0, "dx": 1.0, "dy": 1.0 }, "data":
[rows 0 to 26 of 181, columns 118 to 176 of 360]
101971.77,101971.77,101971.77,101971.77,101971.77,101971.77,101971.77,101971.77,101971.77,101971.77,101971.77,101971.77,101971.77,101971.77,101971.77,101971.77,101971.77,101971.77,101971.77,101971.77,101971.77,101971.77,101971.77,101971.77,101971.77,101971.77,101971.77,101971.77,101971.77,101971.77,101971.77,101971.77,101971.77,101971.77,101971.77,101971.77,101971.77,101971.77,101971.77,101971.77,101971.77,101971.77,101971.77,101971.77,101971.77,101971.77,101971.77,101971.77,101971.77,101971.77,101971.77,101971.77,101971.77,101971.77,101971.77,101971.77,101971.77,101971.77,101971.77
102024.58,102026.17,102027.77,102030.98,102032.58,102034.17,102037.375,102038.98,102040.58,102042.17,102043.77,102045.375,102048.58,102050.17,102051.77,102054.98,102056.58,102058.17,102059.77,102061.375,102062.98,102066.17,102067.77,102069.375,102070.98,102070.98,102072.58,102074.17,102075.77,102077.375,102078.98,102080.58,102082.17,102082.17,102083.77,102085.375,102086.98,102086.98,102088.58,102090.17,102090.17,102091.77,102091.77,102093.375,102093.375,102094.98,102094.98,102094.98,102096.58,102096.58,102096.58,102098.17,102098.17,102098.17,102098.17,102099.77,102099.77,102099.77,102099.77
102072.58,102078.98,102082.17,102086.98,102091.77,102096.58,102099.77,102104.58,102107.77,102112.58,102115.77,102120.58,102123.77,102128.58,102131.77,102134.98,102139.77,102142.98,102146.17,102149.375,102152.58,102155.77,102158.98,102162.17,102165.375,102168.58,102171.77,102174.98,102178.17,102181.375,102182.98,102186.17,102187.77,102189.375,102192.58,102194.17,102195.77,102198.98,102200.58,102202.17,102203.77,102205.375,102206.98,102208.58,102210.17,102211.77,102213.375,102214.98,102214.98,102216.58,102216.58,102218.17,102219.77,102219.77,102219.77,102221.375,102221.375,102221.375,102221.375
102106.17,102112.58,102118.98,102125.375,102131.77,102138.17,102142.98,102149.375,102154.17,102158.98,102163.77,102168.58,102173.375,102178.17,102182.98,102187.77,102192.58,102197.375,102202.17,102205.375,102210.17,102213.375,102218.17,102221.375,102224.58,102229.375,102232.58,102235.77,102238.98,102242.17,102245.375,102248.58,102251.77,102254.98,102256.58,102259.77,102262.98,102266.17,102267.77,102270.98,102274.17,102275.77,102278.98,102280.58,102283.77,102285.375,102288.58,102290.17,102291.77,102294.98,102296.58,102299.77,102301.375,102302.98,102304.58,102306.17,102307.77,102309.375,102310.98
102101.375,102109.375,102114.17,102120.58,102125.375,102131.77,102136.58,102141.375,102146.17,102150.98,102154.17,102158.98,102162.17,102165.375,102168.58,102173.375,102176.58,102179.77,102182.98,102186.17,102187.77,102190.98,102194.17,102197.375,102198.98,102202.17,102203.77,102206.98,102210.17,102213.375,102214.98,102218.17,102221.375,102222.98,102226.17,102229.375,102230.98,102234.17,102237.375,102240.58,102243.77,102246.98,102250.17,102253.375,102256.58,102261.375,102264.58,102267.77,102270.98,102275.77,102280.58,102283.77,102288.58,102291.77,102294.98,102299.77,102304.58,102307.77,102310.98
102053.375,102058.17,102062.98,102064.58,102067.77,102069.375,102072.58,102075.77,102075.77,102077.375,102077.375,102077.375,102078.98,102077.375,102077.375,102077.375,102075.77,102075.77,102074.17,102072.58,102070.98,102069.375,102067.77,102066.17,102064.58,102062.98,102062.98,102061.375,102061.375,102059.77,102059.77,102059.77,102059.77,102059.77,102059.77,102061.375,102062.98,102064.58,102067.77,102070.98,102074.17,102077.375,102083.77,102086.98,102091.77,102098.17,102102.98,102109.375,102115.77,102122.17,102128.58,102136.58,102144.58,102152.58,102160.58,102168.58,102178.17,102186.17,102195.77
101970.17,101968.58,101970.17,101970.17,101966.98,101963.77,101960.58,101957.375,101952.58,101947.77,101941.375,101934.98,101926.98,101920.58,101912.58,101904.58,101894.98,101885.375,101877.375,101867.77,101858.17,101848.58,101840.58,101834.17,101827.77,101819.77,101814.98,101811.77,101808.58,101806.98,101803.77,101803.77,101803.77,101803.77,101805.375,101806.98,101810.17,101814.98,101818.17,101822.98,101829.375,101835.77,101842.17,101850.17,101858.17,101866.17,101875.77,101885.375,101894.98,101904.58,101915.77,101926.98,101938.17,101949.375,101962.17,101974.98,101987.77,102002.17,102013.375
101867.77,101862.98,101856.58,101851.77,101842.17,101832.58,101821.375,101811.77,101795.77,101779.77,101765.375,101750.98,101733.375,101712.58,101694.98,101678.98,101661.375,101640.58,101626.17,101614.98,101602.17,101592.58,101582.98,101576.58,101570.17,101565.375,101562.17,101560.58,101557.375,101555.77,101555.77,101555.77,101557.375,101560.58,101563.77,101566.98,101571.77,101578.17,101584.58,101590.98,101600.58,101608.58,101618.17,101627.77,101638.98,101648.58,101661.375,101672.58,101686.98,101701.375,101715.77,101731.77,101746.17,101763.77,101778.17,101795.77,101813.375,101830.98,101848.58
101763.77,101757.375,101746.17,101736.58,101723.77,101706.17,101686.98,101669.375,101648.58,101624.58,101597.375,101571.77,101544.58,101517.375,101490.17,101464.58,101443.77,101426.17,101406.98,101394.17,101379.77,101370.17,101360.58,101354.17,101346.17,101341.375,101334.98,101331.77,101326.98,101323.77,101322.17,101320.58,101320.58,101322.17,101325.375,101330.17,101334.98,101339.77,101346.17,101354.17,101360.58,101368.58,101379.77,101389.375,101402.17,101416.58,101430.98,101446.98,101464.58,101485.375,101502.98,101523.77,101546.17,101566.98,101590.98,101613.375,101637.375,101661.375,101683.77
101667.77,101661.375,101650.17,101637.375,101622.98,101603.77,101584.58,101560.58,101534.98,101506.17,101472.58,101440.58,101406.98,101374.98,101342.98,101310.98,101285.375,101261.375,101242.17,101222.98,101208.58,101192.58,101176.58,101163.77,101150.98,101139.77,101130.17,101120.58,101114.17,101107.77,101101.375,101098.17,101094.98,101091.77,101091.77,101093.375,101096.58,101101.375,101107.77,101115.77,101125.375,101136.58,101150.98,101165.375,101182.98,101200.58,101221.375,101240.58,101262.98,101285.375,101309.375,101334.98,101360.58,101387.77,101416.58,101445.375,101475.77,101506.17,101538.17
101574.98,101573.375,101568.58,101558.98,101547.77,101533.375,101514.17,101491.77,101467.77,101438.98,101408.58,101371.77,101333.375,101294.98,101259.77,101226.17,101192.58,101160.58,101133.375,101109.375,101086.98,101066.17,101045.375,101027.77,101010.17,100992.58,100974.98,100960.58,100946.17,100931.77,100920.58,100910.98,100901.375,100894.98,100891.77,100890.17,100890.17,100894.98,100902.98,100910.98,100923.77,100938.17,100952.58,100968.58,100984.58,101003.77,101024.58,101046.98,101072.58,101096.58,101123.77,101155.77,101184.58,101218.17,101253.375,101286.98,101325.375,101360.58,101398.98
101482.17,101486.98,101488.58,101488.58,101486.98,101478.98,101467.77,101453.375,101435.77,101413.375,101387.77,101358.98,101325.375,101290.17,101253.375,101213.375,101174.98,101134.98,101099.77,101064.58,101032.58,101005.375,100978.17,100954.17,100931.77,100909.375,100888.58,100869.375,100850.17,100832.58,100814.98,100797.375,100781.375,100766.98,100754.17,100744.58,100739.77,100736.58,100741.375,100750.98,100760.58,100774.98,100790.98,100806.98,100824.58,100845.375,100864.58,100885.375,100910.98,100934.98,100962.17,100992.58,101026.17,101061.375,101098.17,101138.17,101181.375,101224.58,101270.98
101371.77,101382.98,101394.17,101402.17,101408.58,101411.77,101411.77,101410.17,101405.375,101397.375,101384.58,101368.58,101349.375,101326.98,101296.58,101266.17,101230.98,101195.77,101158.98,101120.58,101085.375,101048.58,101011.77,100978.17,100946.17,100915.77,100890.17,100866.17,100843.77,100821.375,100802.17,100782.98,100766.98,100749.375,100736.58,100720.58,100707.77,100698.17,100688.58,100682.17,100682.17,100683.77,100690.17,100702.98,100722.17,100741.375,100763.77,100789.375,100816.58,100838.98,100862.98,100888.58,100910.98,100936.58,100968.58,101005.375,101050.17,101101.375,101152.58
101222.98,101242.17,101262.98,101282.17,101296.58,101309.375,101322.17,101333.375,101341.375,101347.77,101352.58,101350.98,101349.375,101342.98,101333.375,101320.58,101304.58,101283.77,101256.58,101229.375,101198.98,101165.375,101131.77,101098.17,101062.98,101030.98,101000.58,100970.17,100944.58,100917.375,100893.375,100872.58,100850.17,100830.98,100818.17,100805.375,100795.77,100787.77,100782.98,100781.375,100779.77,100784.58,100786.17,100792.58,100802.17,100811.77,100826.17,100840.58,100858.17,100875.77,100898.17,100922.17,100947.77,100974.98,101002.17,101029.375,101059.77,101094.98,101138.17
101026.17,101054.98,101080.58,101110.98,101138.17,101166.98,101192.58,101216.58,101238.98,101261.375,101280.58,101296.58,101310.98,101322.17,101328.58,101334.98,101339.77,101342.98,101338.17,101355.77,100867.77,99989.375,101246.98,101237.375,101195.77,101218.17,101192.58,101155.77,101136.58,101112.58,101088.58,101069.375,101048.58,101029.375,101016.58,100998.98,100994.17,100987.77,100984.58,100982.98,100984.58,100986.17,100990.98,100997.375,101005.375,101014.98,101027.77,101040.58,101054.98,101072.58,101093.375,101115.77,101139.77,101163.77,101187.77,101213.375,101237.375,101261.375,101288.58
100819.77,100845.375,100872.58,100909.375,100946.17,100986.17,101024.58,101062.98,101102.98,101142.98,101181.375,101214.98,101243.77,101267.77,101288.58,101310.98,101328.58,101344.58,101360.58,101397.375,100606.98,99970.17,101270.98,101304.58,101374.98,101370.17,101370.17,101373.375,101371.77,101202.17,100896.58,100824.58,100971.77,101280.58,101309.375,101301.375,101293.375,101290.17,101285.375,101285.375,101283.77,101286.98,101290.17,101293.375,101299.77,101306.17,101314.17,101323.77,101333.375,101347.77,101360.58,101374.98,101387.77,101402.17,101418.17,101435.77,101451.77,101469.375,101486.98
100648.58,100677.375,100707.77,100746.17,100779.77,100818.17,100861.375,100910.98,100963.77,101018.17,101074.17,101126.98,101176.58,101218.17,101251.77,101277.375,101302.98,101334.98,101259.77,101379.77,101402.17,101421.375,101429.375,101389.375,101410.17,101493.375,101493.375,101499.77,101512.58,101525.375,101538.17,101549.375,101560.58,101570.17,101578.17,101586.17,101589.375,101594.17,101597.375,101602.17,101606.98,101611.77,101616.58,101621.375,101627.77,101632.58,101638.98,101645.375,101651.77,101659.77,101666.17,101674.17,101680.58,101688.58,101696.58,101706.17,101712.58,101720.58,101726.98
99363.77,99896.58,100235.77,100424.58,100442.17,100762.17,100662.98,100738.17,100795.77,100904.58,100995.77,101054.98,101123.77,101170.17,101214.98,101251.77,101282.17,101309.375,101336.58,101368.58,101400.58,101434.17,101461.375,101459.77,101509.375,101552.58,101552.58,101576.58,101600.58,101626.17,101653.375,101678.98,101702.98,101725.375,101746.17,101765.375,101786.17,101803.77,101819.77,101834.17,101850.17,101864.58,101877.375,101890.17,101901.375,101912.58,101925.375,101933.375,101944.58,101952.58,101962.17,101968.58,101976.58,101981.375,101986.17,101987.77,101989.375,101992.58,101994.17
99485.375,99587.77,99469.375,99286.98,99392.58,99202.17,99611.77,97522.17,97829.375,99424.58,98278.98,101178.17,101110.98,101141.375,101181.375,101206.98,101256.58,101291.77,101315.77,101352.58,101389.375,101438.98,101362.17,101034.17,101070.98,101267.77,101376.58,101518.98,101646.98,101453.375,101480.58,101704.58,101771.77,101816.58,101842.17,101867.77,101893.375,101922.17,101950.98,101978.17,102003.77,102029.375,102053.375,102077.375,102099.77,102122.17,102144.58,102163.77,102184.58,102203.77,102218.17,102232.58,102242.17,102248.58,102251.77,102253.375,102251.77,102250.17,102246.98
98035.77,98573.375,99171.77,99011.77,97648.58,96000.58,95691.77,97750.98,96891.77,97640.58,96378.17,97672.58,100301.375,101160.58,100874.17,100944.58,100488.58,100805.375,100994.17,101112.58,101093.375,101133.375,101035.77,100816.58,101026.17,101358.98,101501.375,101525.375,101475.77,101611.77,101550.98,101598.98,101749.375,101805.375,101870.98,101922.17,101955.77,101893.375,101872.58,101867.77,101949.375,102102.98,102141.375,102163.77,102200.58,102232.58,102262.98,102293.375,102322.17,102352.58,102381.375,102405.375,102424.58,102437.375,102448.58,102461.375,102469.375,102472.58,102474.17
97894.98,97714.17,97187.77,96922.17,97254.98,99136.58,99373.375,100274.17,99666.17,97197.375,93824.58,89730.17,90816.58,96245.375,99835.77,98811.77,96174.98,96610.17,98770.17,98128.58,97864.58,96478.98,94067.77,97139.77,99555.77,100197.375,100178.17,101014.98,101357.375,101691.77,99810.17,99070.98,99427.77,100061.375,101250.17,100213.375,101302.98,101685.375,101605.375,101763.77,101858.17,101902.98,102043.77,102168.58,102187.77,102174.98,102227.77,102258.17,102291.77,102312.58,102341.375,102381.375,102522.17,98614.98,101618.17,102602.17,102602.17,102733.375,102661.375
97722.17,96654.98,96810.17,97773.375,98542.98,98723.77,100176.58,99382.98,97733.375,93616.58,87542.98,84869.375,91520.58,95933.375,95986.17,96462.98,98531.77,97541.375,95917.375,97222.98,94997.375,95365.375,93646.98,98837.375,99002.17,100336.58,100141.375,100760.58,101002.17,101242.17,101322.17,100733.375,101413.375,101432.58,101235.77,101403.77,101749.375,101576.58,101581.375,101184.58,101573.375,101710.98,101859.77,102061.375,99592.58,96355.77,96664.58,92186.17,95160.58,98830.98,99965.375,100523.77,102451.77,102341.375,100622.98,99117.375,97066.17,98722.17,93230.98
96554.17,96688.58,97166.98,98123.77,98630.98,100318.98,99515.77,97565.375,97237.375,89299.77,87067.77,84445.375,89106.17,93470.98,95752.58,94933.375,98176.58,96637.375,95584.58,92246.98,92216.58,87718.98,90966.98,97869.375,99376.58,101003.77,101221.375,101242.17,101154.17,100554.17,98046.98,100072.58,100346.17,101341.375,101528.58,101118.98,101453.375,101397.375,101394.17,101187.77,100978.17,99250.17,100974.98,101877.375,101467.77,100314.17,97166.98,98918.98,96749.375,95422.98,93586.17,92282.17,99312.58,100221.375,99912.58,95528.58,95970.17,92867.77,93328.58
96101.375,96384.58,96648.58,97275.77,98126.98,99443.77,99981.375,97570.17,95374.98,91278.98,87715.77,88114.17,92746.17,92842.17,97062.98,97339.77,96269.375,95157.375,95725.375,95018.17,94238.98,86728.58,85606.98,96893.375,97312.58,93814.98,86414.98,93234.17,99029.375,100318.98,99702.98,99474.17,100672.58,101384.58,101502.98,101147.77,99682.17,100082.17,99173.375,99035.77,97730.17,98574.98,99582.98,97672.58,99501.375,100149.375,98096.58,97536.58,93715.77,90774.98,92208.58,94986.17,94190.98,94170.17,95846.98,96901.375,99378.17,97187.77,95981.375
96235.77,97262.98,97869.375,98088.58,98434.17,99413.375,100438.98,99314.17,96595.77,91066.17,85784.58,83251.77,86784.58,92365.375,92896.58,94213.375,91829.375,91883.77,87933.375,92085.375,87405.375,86187.77,81154.17,83259.77,89925.375,92347.77,95478.98,94488.58,88600.58,85760.58,92960.58,97738.17,99528.58,101246.98,98784.58,98360.58,95286.98,94296.58,96256.58,94976.58,97254.98,98499.77,95130.17,95570.17,92840.58,90061.375,90621.375,92400.58,91934.98,95182.98,93149.375,95568.58,97416.58,96056.58,97126.98,99245.375,100398.98,96213.375,100626.17
97422.98,97968.58,98493.375,98152.58,97741.375,98992.58,99768.58,100496.58,97640.58,94237.375,89389.375,84232.58,84621.375,87693.375,87795.77,90528.58,88622.98,89518.98,91442.17,88434.17,88470.98,88278.98,87046.98,86890.17,84669.375,89419.77,84411.77,85146.17,82261.375,92811.77,85282.17,91070.98,98510.98,100544.58,99736.58,96616.58,97253.375,98981.375,98237.375,96955.77,95928.58,96032.58,96069.375,96776.58,93491.77,90187.77,92146.17,92726.98,93699.77,96074.17,95643.77,96742.98,100531.77,102381.375,101694.98,100864.58,102216.58,101878.98,102093.375
97914.17,97995.77,98046.98,98312.58,98667.77,98835.77,99683.77,99624.58,100333.375,100794.17,97883.77,95979.77,96424.58,93926.98,93541.375,90067.77,87962.17,88494.98,92696.58,90794.17,87427.77,86862.98,85878.98,88262.98,90133.375,90750.98,82912.58,88584.58,87275.77,84269.375,87893.375,90571.77,92253.375,96411.77,98493.375,95634.17,97963.77,96093.375,96304.58,94056.58,89909.375,90109.375,90520.58,94086.98,92741.375,92395.77,95310.98,95288.58,97298.17,97752.58,99246.98,98104.58,100814.98,101426.17,99878.98,96453.375,98034.17,97749.375,102306.17
