atmosphereWindy/data/current-temp-surface-level-gfs-1p00.json
{"header": {"discipline":0,"disciplineName":"Meteorologicalproducts","gribEdition":2,"gribLength":70064,"center":7,"centerName":"USNationalWeatherService-NCEP(WMC)","subcenter":0,"refTime":"2018-12-21T00:00:00.000Z","significanceOfRT":1,"significanceOfRTName":"Startofforecast","productStatus":0,"productStatusName":"Operationalproducts","productType":1,"productTypeName":"Forecastproducts","productDefinitionTemplate":0,"productDefinitionTemplateName":"Analysis/forecastathorizontallevel/layeratapointintime","parameterCategory":0,"parameterCategoryName":"Temperature","parameterNumber":0,"parameterNumberName":"Temperature","parameterUnit":"K","genProcessType":2,"genProcessTypeName":"Forecast","forecastTime":0,"surface1Type":103,"surface1TypeName":"Specifiedheightlevelaboveground","surface1Value":2,"surface2Type":255,"surface2TypeName":"Missing","surface2Value":0,"gridDefinitionTemplate":0,"gridDefinitionTemplateName":"Latitude_Longitude","numberPoints":65160,"shape":6,"shapeName":"Earthsphericalwithradiusof6,371,229.0m","gridUnits":"degrees","resolution":48,"winds":"true","scanMode":0,"nx":360,"ny":181,"basicAngle":0,"lo1":0,"la1":90,"lo2":359,"la2":-90,"dx":1,"dy":1}, "data":
[rows 126 to 167 of 181, columns 94 to 187 of 360]
290,290,291,291,290,290,290,289,290,290,289,289,289,289,289,289,289,289,289,289,289,290,290,290,290,290,289,289,289,288,288,288,288,289,289,289,289,289,289,289,289,289,289,291,288,289,290,290,291,293,295,296,297,297,296,285,292,293,293,292,293,293,293,293,294,295,295,295,291,290,290,289,289,290,291,291,291,291,291,291,293,292,293,293,293,293,293,293,293,292,293,293,292,292
290,290,290,290,290,290,290,289,289,289,289,289,289,289,289,289,289,289,288,288,289,289,289,289,289,288,288,289,289,288,288,288,288,288,288,289,289,288,288,288,288,288,289,288,288,288,289,290,290,290,294,293,292,289,283,287,291,292,292,292,291,292,292,292,292,293,292,290,290,289,289,289,290,290,290,290,291,291,291,291,291,294,293,292,292,292,293,293,292,292,292,292,292,292
289,289,289,289,289,289,289,289,289,289,289,289,288,288,288,289,288,288,288,288,288,288,288,288,288,288,288,288,288,288,288,288,288,288,288,288,288,288,288,288,288,288,288,288,287,287,288,288,288,287,289,291,289,288,289,290,291,291,291,291,291,290,290,290,290,290,290,290,289,289,289,289,289,289,290,290,290,290,290,291,291,294,293,295,293,291,292,292,292,292,292,292,292,292
288,288,288,288,288,288,288,289,289,289,289,288,288,287,288,288,288,288,288,288,288,288,288,288,288,288,288,288,288,288,288,288,287,287,288,288,288,287,287,288,287,287,288,288,287,287,287,288,288,289,289,289,290,289,289,290,290,290,289,289,290,290,289,289,289,289,289,289,289,289,289,289,289,289,289,290,290,290,290,291,290,292,291,296,291,290,290,291,291,291,292,292,292,292
288,288,288,288,287,287,287,288,288,288,288,288,288,287,287,287,288,288,288,287,287,287,287,287,287,288,288,287,287,287,287,287,287,287,287,287,287,287,287,287,287,287,287,287,287,287,287,287,287,288,290,288,289,288,291,289,289,289,288,288,289,290,289,289,288,288,288,288,288,289,289,288,289,289,289,289,289,290,290,290,289,291,290,292,290,290,291,291,291,291,291,291,291,291
287,287,287,287,287,287,287,287,287,287,287,287,287,287,287,287,287,287,287,287,287,287,287,287,287,287,287,287,287,287,287,287,287,287,287,287,287,287,287,286,287,287,286,286,287,286,286,286,287,287,288,290,288,291,292,288,288,288,288,288,289,289,289,289,288,288,288,288,288,288,288,288,288,288,288,288,289,290,289,287,288,290,293,289,290,290,290,290,291,291,291,291,291,291
287,286,286,286,286,286,286,286,287,287,287,286,287,287,287,286,286,286,287,287,286,286,286,286,286,286,286,286,286,286,286,286,286,286,287,287,287,286,286,286,286,287,286,286,286,286,286,286,287,287,287,288,285,284,289,288,288,288,287,288,288,288,288,288,288,288,288,288,288,288,288,288,288,288,288,288,289,289,285,281,288,287,288,288,289,289,290,290,290,290,290,290,291,291
286,286,286,286,286,286,286,286,286,286,286,286,286,286,286,286,286,286,286,286,286,286,286,286,286,286,286,286,286,286,286,286,286,286,286,287,286,286,286,286,286,286,286,286,286,286,286,286,286,286,286,286,284,286,288,287,288,288,287,287,287,287,288,288,288,288,287,287,287,287,287,287,287,287,287,288,288,288,286,288,287,287,287,287,287,288,289,289,289,290,290,290,290,290
283,283,284,285,285,286,286,286,286,286,286,286,286,286,285,285,285,285,285,285,285,285,285,285,285,285,285,285,285,285,285,286,285,285,286,286,286,286,286,285,285,286,286,286,285,285,285,285,285,286,286,286,286,286,287,287,287,286,286,286,286,286,287,287,287,287,287,287,287,287,287,287,287,287,287,288,283,285,287,287,286,286,286,286,286,286,287,288,289,289,289,289,290,290
281,281,282,283,284,285,285,286,286,286,286,286,286,285,285,285,285,285,285,285,285,285,285,285,285,285,285,285,285,285,285,285,285,285,285,285,286,286,285,285,285,285,285,285,285,285,285,284,285,285,285,285,285,286,286,286,286,286,286,286,286,285,286,287,287,287,286,286,286,286,286,286,286,288,283,285,285,288,286,285,285,286,285,285,286,286,286,286,287,288,289,289,289,288
280,281,281,281,281,282,283,284,284,284,284,285,285,285,285,285,285,284,284,284,284,285,284,284,284,284,284,284,285,284,284,285,285,285,285,285,285,285,285,285,285,285,285,285,285,284,284,284,285,285,284,284,285,285,285,285,285,285,285,285,285,285,285,285,286,286,286,286,286,286,286,286,286,284,287,286,285,286,285,285,285,285,285,285,285,286,285,286,287,288,288,288,287,287
280,280,280,280,280,281,281,282,282,283,283,284,284,284,283,283,283,282,282,283,284,284,284,284,284,284,284,284,284,284,284,284,284,284,285,285,285,285,285,285,284,284,284,284,284,284,284,284,284,284,284,284,284,284,284,284,284,284,284,284,284,284,284,284,284,285,285,285,285,286,286,286,286,286,288,285,285,285,285,285,285,285,285,285,285,284,285,285,285,286,287,287,286,286
279,279,279,279,279,279,280,281,281,281,282,282,282,281,280,280,280,280,282,282,282,282,283,283,283,283,282,282,283,283,284,284,283,284,284,284,285,285,285,285,284,284,284,284,284,284,284,284,284,284,284,284,284,284,284,284,283,283,283,283,284,283,283,284,283,284,284,283,283,283,284,285,286,286,285,285,285,284,284,284,284,284,284,284,284,284,284,284,284,284,285,286,286,286
279,279,278,278,278,279,280,280,281,281,280,279,278,278,278,279,279,279,280,281,281,281,281,282,282,282,282,282,282,282,282,283,283,283,283,284,284,284,284,284,284,284,284,283,283,284,284,284,284,284,284,284,284,284,283,283,283,283,282,282,282,282,283,282,283,283,283,283,283,283,283,284,284,284,284,284,284,284,284,284,284,284,284,284,284,283,283,283,283,284,285,285,286,286
278,278,278,278,278,278,279,279,279,279,278,278,277,277,278,278,278,278,278,278,279,279,279,280,280,281,281,281,281,281,282,283,283,283,283,283,283,282,282,282,282,282,282,282,282,282,283,283,283,283,283,283,283,283,283,283,282,282,282,282,282,282,281,282,281,281,281,282,282,282,282,282,283,283,283,283,283,283,283,283,283,283,283,283,283,283,282,282,282,283,284,285,285,284
277,277,277,277,277,277,277,277,277,277,277,277,277,277,277,277,277,276,277,278,277,277,277,278,278,279,279,279,279,278,279,280,281,281,282,283,283,282,282,282,282,282,282,281,281,280,280,281,281,281,281,281,281,282,283,283,282,281,281,281,282,281,281,281,280,280,281,281,281,281,281,281,281,282,282,283,283,282,283,283,283,283,283,283,282,282,282,282,282,283,283,283,283,283
277,276,275,275,276,277,276,276,277,277,277,276,276,276,276,276,276,276,276,276,276,276,276,277,277,277,278,278,278,277,278,279,281,281,281,281,282,282,282,281,281,281,281,281,281,281,281,280,280,281,280,281,280,281,282,282,281,280,280,281,281,280,280,280,280,280,280,280,280,280,280,280,280,281,281,281,282,282,282,282,282,282,282,282,282,282,282,282,282,282,282,282,282,282
275,275,275,275,276,276,276,275,276,276,276,276,276,276,275,276,276,276,275,275,276,276,276,276,276,276,277,278,278,277,277,278,279,279,280,280,280,280,280,280,280,280,280,280,280,280,280,279,279,279,279,279,279,280,281,281,281,280,280,280,279,279,279,280,279,279,280,280,280,280,280,279,279,280,280,280,280,281,281,282,282,282,281,281,282,282,282,282,282,282,282,282,282,282
275,275,275,275,275,275,275,275,275,275,275,276,276,276,275,275,275,275,275,275,276,276,276,276,276,276,277,277,277,277,277,277,277,278,278,279,279,279,280,280,280,280,279,279,279,279,279,278,278,278,278,278,278,279,280,280,280,279,279,279,278,278,279,279,279,279,279,279,279,279,279,279,279,279,279,279,280,280,280,280,281,281,281,281,281,281,281,282,282,282,282,282,282,282
275,275,275,275,275,275,275,275,275,274,274,275,275,275,275,275,275,275,275,275,276,276,276,276,276,276,276,276,277,277,276,277,277,277,278,278,278,279,279,279,279,278,278,279,279,278,278,278,278,278,278,278,278,277,278,278,278,278,279,279,279,278,278,279,279,278,278,278,278,278,278,278,278,278,278,279,279,279,279,279,279,280,280,280,281,281,281,281,281,281,281,281,281,281
274,274,275,275,275,275,275,274,274,274,274,274,274,274,274,274,274,274,274,275,275,275,275,275,275,276,276,276,276,276,275,276,277,277,277,278,278,278,278,278,278,278,278,278,278,278,278,278,278,278,278,277,277,276,275,277,277,277,277,277,278,278,278,278,278,278,277,277,277,277,277,278,277,277,278,278,278,279,279,279,279,279,279,279,280,280,280,280,280,280,280,280,280,280
274,274,274,274,274,274,274,274,274,274,274,274,274,274,274,274,274,274,274,274,274,275,275,275,275,275,275,276,276,276,276,276,277,277,277,277,277,277,277,277,277,277,277,277,277,277,277,278,278,277,277,277,276,276,276,276,276,276,276,277,276,276,276,276,277,277,277,276,276,276,277,277,277,277,277,277,278,278,278,278,278,279,279,279,279,279,279,279,279,279,280,280,280,279
273,273,273,273,273,273,273,273,273,273,273,273,273,273,273,273,273,273,273,273,274,274,274,274,274,275,275,275,275,275,275,276,276,277,277,277,276,276,276,276,276,277,277,277,277,277,277,277,277,277,276,276,276,275,275,275,275,276,276,275,276,276,275,275,276,276,276,276,275,275,276,276,276,276,276,277,277,277,278,278,278,278,278,278,278,278,279,278,278,279,279,279,279,279
273,273,273,273,273,273,273,273,273,273,273,273,273,273,273,273,273,273,273,273,273,273,274,274,274,274,274,274,275,275,275,275,275,276,276,276,276,276,276,276,276,276,276,276,276,276,277,277,276,276,276,275,275,275,275,275,275,275,275,275,275,275,275,274,275,275,275,275,274,274,274,275,275,276,276,277,277,277,278,278,278,278,278,278,278,278,278,278,278,278,278,278,278,278
273,273,273,273,273,273,273,273,273,273,273,272,272,272,272,272,272,272,272,273,273,273,273,273,273,273,273,274,274,275,275,275,276,275,275,275,275,275,275,275,275,275,276,276,276,276,276,276,276,275,275,275,275,275,275,275,274,274,274,274,274,274,274,274,274,273,273,273,273,274,274,275,275,275,276,276,276,277,277,276,276,276,277,276,278,278,278,277,277,277,277,277,276,275
272,272,272,272,272,272,272,272,272,272,272,272,271,272,272,272,272,272,272,272,273,273,273,273,273,273,273,273,274,274,274,274,274,274,274,274,274,274,274,274,274,275,275,275,275,275,275,275,275,275,275,275,274,274,274,274,274,274,274,273,273,273,272,272,272,272,272,273,273,273,273,273,273,274,274,274,275,275,275,275,275,275,275,275,275,275,275,275,274,274,274,274,273,273
272,272,272,272,272,272,271,271,271,271,271,271,272,272,272,272,272,272,272,273,273,273,273,273,273,273,273,273,273,273,273,273,273,273,273,274,274,274,274,275,275,275,275,275,275,274,274,274,274,274,274,274,274,274,274,273,273,273,272,272,271,272,272,272,273,273,273,272,272,272,272,272,272,272,272,273,273,273,273,274,274,274,274,274,274,274,274,274,273,273,273,273,273,273
272,272,272,272,272,272,272,271,271,271,271,271,272,272,271,272,272,272,272,272,272,273,273,273,273,273,272,273,273,273,273,273,273,273,273,273,274,274,274,274,274,275,275,274,274,274,274,274,274,274,274,273,273,273,273,272,272,271,271,272,272,272,272,273,272,272,272,272,272,272,272,272,272,272,272,272,272,272,272,272,272,272,272,273,273,273,273,273,273,273,273,273,273,273
272,272,272,272,271,271,272,272,272,272,272,272,272,272,272,272,272,272,272,272,272,272,272,272,272,273,273,273,273,273,273,273,273,273,273,273,273,273,273,274,274,273,273,273,273,273,272,272,272,272,272,273,272,272,272,272,271,271,271,272,272,272,272,272,272,272,271,271,272,271,271,271,271,271,271,271,271,271,271,271,271,272,271,272,272,272,273,273,273,273,273,273,272,272
271,271,270,271,272,271,271,271,272,272,272,272,273,273,273,273,273,273,273,273,273,273,273,273,273,272,272,272,272,272,272,273,273,273,273,273,273,273,273,272,272,272,272,272,272,271,271,271,271,271,271,271,271,271,271,271,271,271,271,271,271,271,272,272,272,272,272,272,272,271,271,271,271,271,271,271,271,271,271,271,271,271,271,271,271,272,273,272,272,272,272,272,272,271
272,271,270,270,270,270,270,272,271,269,271,272,272,272,273,273,273,273,270,268,271,272,273,273,273,273,272,272,272,272,271,270,270,271,272,272,271,272,272,271,271,270,270,271,271,272,272,271,271,271,271,272,271,271,271,271,271,271,271,271,271,271,272,272,272,272,272,272,272,271,271,271,271,271,271,271,271,271,272,271,271,271,271,272,272,272,272,272,272,271,272,272,271,271
265,264,265,263,263,266,267,264,263,263,261,261,262,264,266,268,268,267,265,263,264,268,270,270,271,271,271,271,270,268,267,266,264,268,270,272,269,263,262,261,263,262,262,262,263,263,264,265,266,269,269,270,270,270,270,271,271,271,271,271,271,271,271,271,271,272,272,272,272,272,271,271,271,271,271,271,271,271,271,271,272,272,272,272,272,272,272,271,271,271,271,271,271,271
257,257,256,255,256,259,258,258,258,257,256,256,256,257,257,259,259,259,260,261,262,262,262,262,263,263,262,261,260,260,258,258,258,259,260,260,260,259,258,257,256,256,256,256,256,257,258,259,260,263,266,264,263,268,269,270,270,270,270,270,270,270,270,271,271,271,271,271,271,272,272,272,272,272,271,271,271,271,271,271,271,271,271,271,271,271,271,271,271,271,271,271,271,272
253,253,252,253,254,255,256,255,255,254,253,254,254,254,254,254,254,255,256,257,257,257,258,258,258,258,258,257,257,256,255,255,255,255,255,256,255,255,254,253,252,252,253,254,254,254,255,256,257,259,260,260,261,262,262,261,262,264,265,265,266,268,270,271,271,271,271,271,272,272,272,272,272,272,272,272,272,272,272,272,272,272,271,271,271,271,271,271,271,272,272,272,272,272
251,251,251,252,252,253,253,253,253,253,253,252,252,252,253,253,253,253,254,254,254,254,254,254,254,254,254,254,254,254,253,253,252,252,253,253,253,253,253,252,251,252,252,253,253,253,253,254,255,256,257,258,259,259,259,260,260,260,261,262,261,261,261,262,262,260,267,270,270,270,271,271,271,271,272,272,272,272,272,272,272,272,272,272,272,272,272,272,272,272,272,272,272,272
250,250,251,251,251,251,251,251,251,251,251,250,250,250,251,251,251,251,251,251,252,252,252,252,252,252,252,252,252,252,252,252,252,252,251,252,252,252,252,252,252,253,253,252,253,253,254,254,255,255,256,257,257,257,258,258,258,258,259,259,259,259,259,259,258,259,261,267,269,259,270,265,261,266,270,270,270,270,270,271,271,271,271,271,272,272,272,272,272,272,272,272,272,272
249,249,249,249,249,249,249,249,249,249,249,249,249,250,250,250,250,250,250,250,250,250,251,251,251,251,251,251,251,251,251,251,251,251,251,251,251,252,252,253,253,253,254,254,255,256,256,256,256,257,257,258,258,259,259,259,259,260,260,260,260,260,260,260,259,260,261,262,265,264,262,260,260,259,262,257,269,273,272,272,271,271,271,272,272,272,272,272,272,272,272,272,272,272
247,247,247,247,247,247,247,248,248,248,248,249,249,249,250,249,249,249,249,249,250,250,250,250,250,250,250,251,251,251,251,251,251,252,252,252,252,253,253,254,255,255,255,256,257,257,257,258,258,259,259,260,260,261,261,262,262,262,262,261,261,260,260,260,260,259,259,261,263,262,260,255,259,265,266,269,273,274,273,273,272,272,272,271,271,271,271,272,272,272,272,272,272,272
246,246,246,246,246,247,247,247,247,248,248,248,249,249,249,249,249,249,249,249,250,250,250,250,251,251,251,252,252,252,253,253,253,253,254,254,254,255,255,255,256,257,257,257,257,258,258,258,259,259,260,260,260,261,261,262,262,262,262,262,262,262,263,262,261,261,262,261,260,258,266,273,274,274,274,273,273,273,273,272,272,272,272,272,272,272,272,272,273,273,272,272,272,272
245,245,245,246,246,246,246,247,247,248,248,248,249,249,249,249,250,250,250,251,251,251,251,252,252,252,252,253,253,253,254,254,255,255,256,256,257,257,258,258,258,258,258,259,259,259,259,260,260,260,261,261,261,262,262,262,262,263,263,263,264,264,265,266,266,267,268,269,269,275,274,273,273,273,273,273,272,272,272,273,273,273,273,273,273,273,273,273,272,272,272,271,271,271
245,245,245,245,245,245,245,246,246,247,248,248,249,249,250,250,250,251,251,251,252,252,252,253,253,253,253,254,254,255,255,256,256,257,258,259,259,260,261,261,261,261,261,262,262,262,262,262,262,262,262,262,262,262,263,263,263,263,263,263,264,264,265,264,263,265,266,269,273,275,274,275,274,274,273,273,273,273,272,273,273,273,274,274,274,274,273,272,271,271,271,271,270,270
245,244,244,244,245,245,245,246,246,246,247,248,248,249,249,250,250,251,251,252,252,253,253,254,254,255,255,256,257,257,258,259,260,260,261,262,263,263,263,263,263,263,263,263,264,264,264,264,264,265,265,265,265,265,264,264,263,263,263,262,262,262,263,263,262,263,265,269,273,274,274,274,274,275,274,274,274,273,273,272,272,272,273,273,272,272,272,271,271,271,271,271,271,271
