atmosphereWindy/data/current-rain-surface-level-gfs-1p00.json
{"header": {"discipline":0,"disciplineName":"Meteorologicalproducts","gribEdition":2,"gribLength":39719,"center":7,"centerName":"USNationalWeatherService-NCEP(WMC)","subcenter":0,"refTime":"2019-05-03T00:00:00.000Z","significanceOfRT":1,"significanceOfRTName":"Startofforecast","productStatus":0,"productStatusName":"Operationalproducts","productType":1,"productTypeName":"Forecastproducts","productDefinitionTemplate":8,"productDefinitionTemplateName":"Average,accumulation,extremevaluesorotherstatisticallyprocessedvalueatahorizontallevelinatimeinterval","parameterCategory":1,"parameterCategoryName":"Moisture","parameterNumber":8,"parameterNumberName":"Total_precipitation","parameterUnit":"kg.m-2","genProcessType":2,"genProcessTypeName":"Forecast","forecastTime":12,"surface1Type":1,"surface1TypeName":"Groundorwatersurface","surface1Value":0,"surface2Type":255,"surface2TypeName":"Missing","surface2Value":0,"gridDefinitionTemplate":0,"gridDefinitionTemplateName":"Latitude_Longitude","numberPoints":65160,"shape":6,"shapeName":"Earthsphericalwithradiusof6,371,229.0m","gridUnits":"degrees","resolution":48,"winds":"true","scanMode":0,"nx":360,"ny":181,"basicAngle":0,"lo1":0,"la1":90,"lo2":359,"la2":-90,"dx":1,"dy":1}, "data":
[rows 80 to 119 of 181, columns 267 to 355 of 360]
0,0,0.0625,0,0,1.125,2.625,0,0,0.1875,0.9375,1.4375,0.5,0.375,0.5,0.1875,0,0,0,0,0.4375,0,0,0,0,0,0,0.125,0,1.125,0.5625,0.625,4.3125,1.25,0.6875,0,0,0.0625,0.375,0.375,0.0625,0.0625,0.0625,0.25,0.375,0.3125,0.3125,0.125,0.25,0.3125,0.25,0.1875,0.25,0.1875,0.1875,0.1875,0.25,0.25,0.25,0.1875,0.125,0.1875,0.125,0.125,0.0625,0.0625,0.0625,0,0.0625,0.0625,0,0.0625,0,0,0,0,0,0,0,0,0,0,2.75,2.0625,0,0,0,0,0
0,0,0,0,0.125,1.875,3.125,2.5,0.125,2,0,0,0,0.0625,0,0.25,11.4375,3.9375,0,0,0,0,0,0.4375,0,0,0,0,0,0,0,0.0625,0.5,0,0,0,0,0.1875,0.1875,0.375,0.5,0.3125,0.25,0.1875,0.1875,0.3125,0.5,0.25,0.3125,0.3125,0.25,0.25,0.25,0.25,0.25,0.1875,0.125,0.125,0.125,0.125,0.125,0.0625,0.0625,0,0.0625,0,0,0,0,0,0.0625,0,0,0,0,0,0,0,0,0,0,0.0625,2.8125,0.3125,0,0,0,0,0
0,0,0,3.9375,6.875,10.125,8.5,3.9375,4.875,0.1875,0,0,0,1.125,5.8125,0.0625,0,7.125,6.125,0,0,0.1875,0.0625,0.25,0.5,0,0,0,0,0,0,0,0.125,0.4375,3.5625,0,0.1875,0.1875,0.3125,0.25,0.125,0.125,0.375,0.4375,0.4375,0.0625,0.1875,0.375,0.3125,0.375,0.375,0.375,0.4375,0.3125,0.25,0.25,0.125,0.0625,0.0625,0.0625,0.125,0.125,0.0625,0.0625,0.0625,0,0,0,0,0,0,0,0,0,0,0,0,0,0,0.3125,0.8125,0.5,0.25,0.125,0.3125,0,0,0,0
0,0.0625,0.0625,2.6875,4.4375,0.0625,9,7,4.3125,2.8125,5.0625,8.1875,1.5,0.1875,8.9375,2.125,1.625,0.25,0,0,0,0,4.4375,3.1875,0.875,0,0.125,0,0.125,1.0625,0,1.1875,0.875,1.375,0.5,7.6875,0.125,0.0625,0.25,0.125,0.125,0.1875,0.3125,0.1875,0.0625,0.1875,0.125,0.375,0.4375,0.0625,0,0,0,0,0.1875,0.25,0.125,0.0625,0.125,0.1875,0.125,0.0625,0.1875,0.1875,0.125,0.0625,0.125,0.125,0.125,0.0625,0.0625,0.0625,0,0,0,0,0,0,0.1875,0.1875,0.125,0.1875,0.3125,0.1875,0.125,0.0625,0,0,0
0,3.5625,0,0.0625,0.1875,0.3125,0.0625,0.1875,2.125,10.25,16.875,8.4375,6.6875,4.875,4.5,8.75,6.5,0,0,0.0625,0.25,0.3125,9.125,6.9375,12.75,7.125,0,0.625,0.875,0.1875,0,0,1.0625,0.3125,0.375,0.4375,3.375,3.8125,1,1,0.0625,0.0625,0.0625,0,0,0.25,0.1875,0.25,0.0625,0,0,0,0,0,0,0,0,0,0,0,0.0625,0.25,0.3125,0.125,0.1875,0.3125,0.25,0.1875,0.125,0.0625,3.0625,11.375,8.3125,0.1875,0.0625,0,2.75,4.75,0,2.1875,0,0.125,0.5,0.4375,0,0,0,0,0
0.875,0,0.125,0.0625,1.5625,1.0625,0.0625,2.125,12.5625,10.4375,4.625,12.75,5.8125,1.6875,3.5625,6.8125,17,0,0,0,0.125,6.25,20.875,20.1875,12.625,0,0.125,0.3125,2,0.375,0,0,0,0,1.9375,3.125,0.25,1.75,0.0625,0.25,0.6875,0.5,0,0.0625,0,0.9375,0.75,1.8125,2,0.8125,0.125,2.8125,3.9375,4.3125,1.4375,3.875,4.875,3.4375,3.6875,2.125,2.4375,2.125,2.6875,4.875,6.125,9.1875,15.4375,14.875,11.5625,11.75,1.9375,3.875,9.375,4.875,1.6875,1.9375,0.4375,4.1875,4.3125,3.5,5.8125,0.125,0.1875,0.25,0.125,2.1875,0.4375,1.6875,7.5625
7.625,3.0625,2.375,8.6875,6.0625,0.125,7,1.1875,14.3125,21.5625,11.8125,10.9375,8.4375,5.4375,15.875,9.875,15.125,0,0,0.4375,0.0625,10.6875,4.9375,3.3125,0,0,0,0.0625,0,0.125,0,0,0,0,0,0.125,0.0625,0.1875,0.4375,0.125,0.375,0.75,5.1875,1.8125,3,5.75,7.1875,5.75,2.875,3.5625,3.5625,3.375,3.3125,4,4.4375,5.0625,2.6875,2,2.375,2.5625,0.125,0.125,0.0625,0.625,1.75,2.1875,5.25,5.375,5.75,6.625,1.6875,3.9375,6.9375,1.5,1.9375,9.25,5.4375,3.75,0.6875,1,0,0,3.9375,0,1.8125,4.0625,0.8125,7.875,7.4375
5.875,10.625,5.25,4.125,2.25,0,2.0625,0.25,0,0.375,0.25,1.375,12.4375,22.5,9.3125,15.9375,6.3125,9.4375,0.4375,55.75,0.375,7.4375,3.75,0.3125,0,0,0.9375,0.1875,1.3125,0.0625,3.3125,0.0625,0,0,0.125,0.125,0.375,0.4375,0.1875,1.0625,0.3125,0.6875,4.75,3.4375,6.75,8.625,13.25,2.875,2.4375,2.1875,1.1875,1.875,2.25,2.125,1.9375,4.1875,0.9375,0.9375,1.0625,0.125,2.3125,1.375,2,0.125,0,0,0,0,0.125,0.0625,0.375,0.0625,0,0,0,0,0,0,0,0,0,0,0,5.875,5.8125,10.0625,13.9375,17.625,10.875
1.4375,3.625,0,0,0,0,0.0625,0.0625,0.0625,0.0625,0.1875,0.25,14.125,11.125,4.125,0,0,0,0.8125,1.125,2.875,2.8125,0.125,0,0,0.5,0.375,0.0625,1.4375,5.3125,0.8125,1.25,0.5625,0,0.5625,0.0625,0.1875,0.6875,0.875,2.6875,0.25,0.25,5.8125,7.0625,7.875,11.875,1.125,1.8125,1.5625,1.8125,2.0625,0.375,0.5625,1.125,0.3125,0.125,0,0.1875,0.5,0.375,0.25,0.125,1,0.1875,0.125,0,0.0625,0,0,0,0,0,0,0,0,0,0,0,0,0,0,1.625,2,0,0,0.3125,16.3125,15.4375,14.4375
0,0,0.125,0,0,0,0.0625,0.125,0.1875,0.25,0.25,0.3125,0.1875,0,0,0,0,0.5625,4.625,2.9375,2.6875,6.625,4.4375,3.5625,0.375,0,0.1875,6,0.125,0.5,4.875,0.0625,4.125,0.0625,2.75,3.375,1.0625,0.5625,0.0625,0.0625,0.125,0.3125,1.6875,11.8125,2.25,1.5625,1.6875,0.625,1.625,0,0.25,0.1875,0,0,0,0.1875,0.5,0.5625,3.625,1,0,0.125,0.5,0.4375,0.1875,0.125,0,0.0625,0,0,0,0,0,0,0,0,0,0,0,0,0,0.125,0.0625,0,0,0,0,0.0625,0.0625
0,0,0,0,0,0,0,0,0.0625,0.0625,0.125,0.0625,0.0625,1.625,0.375,0.25,0,1.875,2.625,0.0625,2.5,9.1875,1.8125,0.9375,0.8125,0,0.125,3.125,5.25,0,0,2,2.375,1.875,8,7.125,0.25,0,0,0.125,0.0625,0.6875,7.3125,16.6875,8,3.25,4.125,2.1875,2.1875,1,0.6875,0.3125,0.125,0.125,0.9375,0.1875,0.125,0.0625,0.375,0,0,0,0,0,0.125,0.9375,0.6875,0.125,0,0,0,0,0,0,0,1.9375,0.625,0.0625,0.1875,0,0.4375,0,0,0,0,0,0,0,0.375
0.625,0,0,0,0,0,0,0,0,0,0,0,0,0.4375,0,0,0.0625,0.25,0,1.375,0.4375,6.6875,9.6875,7.0625,0.375,0.25,0.3125,0,0,0,0.125,6,8.25,8.875,7,5.625,2.0625,1.125,0,0,0,0.4375,5.1875,2.625,3.0625,0.25,2.75,2.3125,4.375,2.6875,1.0625,1.4375,1.375,0.3125,0.4375,1.375,0.3125,0,0,0,0.1875,0.4375,0.0625,0.0625,0,0.0625,0.5625,0.125,0.375,0.0625,0.0625,0.0625,0.3125,0.25,0.4375,0.4375,0.5,0.125,0.9375,1.375,0.625,0,0,0,0,0,1.125,4.625,3.5625
0.4375,0.125,0,0,0,0,0,0,0,0,0,0,0,1.0625,0,0,0,0,0,0,0.1875,3.8125,11.125,2.625,0.25,0.25,1.75,0.0625,0.4375,0.0625,0.1875,5.6875,5.625,5.0625,3.5,3.1875,0.4375,3.3125,1.6875,0,0,0,0,0,0,0,0,0.0625,1.125,3.0625,5.3125,2.75,1.875,0.75,0.9375,0.6875,0.1875,0.125,0.1875,0.0625,0.375,1.1875,0.1875,1.125,1.1875,1.625,0.5625,0.375,1.1875,2.0625,0.6875,0.1875,0.4375,0.6875,0.5,0.5,0.75,0.5,1.5625,4.0625,0.75,1.6875,0.0625,0.0625,0.4375,1.6875,1.8125,1.625,0.6875
0.75,1,1.6875,0.25,0.125,0.125,0,0,0,0,0,0,0,0.125,0,0,0,0,0,0.375,0,9.3125,5.5625,1.4375,6.8125,0.0625,0,0,0,0,2.1875,6.25,5.125,5.9375,9.5,0.6875,0.125,0.375,0,0,0,0,0,0,0,0,0,0,0.5625,0,0,0,0,0,3.875,1.8125,5.6875,1.125,0.5625,0.375,4.875,1.3125,0.3125,2.625,2.875,1.4375,0.1875,1.375,0.0625,0.5625,0.1875,0.1875,0.4375,0.1875,0.1875,0.4375,2.4375,1.5625,4.6875,2.625,3.0625,1.5625,3,3.5625,6.4375,5.25,0.0625,0.0625,0.25
3.125,0.125,2.9375,2.0625,0.8125,0.375,0.0625,0,0,0,0,0,0,0.3125,0,0,0,0,0,0.125,0,0.4375,3.9375,1.0625,1.4375,0.0625,1.25,3,0.25,0,0,0.75,2.625,1.5625,3.1875,0.8125,0.25,0,0,0,0,0,0,0,0,0,0,0,0,0,0,0,0.125,0,0,0,0.5,3.875,1.125,1.4375,1.75,0.0625,0,0,0,0.9375,0.3125,0.3125,0.1875,0.0625,1.5625,1.3125,0.9375,0.6875,1.6875,2.125,1.375,2.125,1.5,1.25,0.6875,0.5,0.375,0.4375,0.125,0.375,0.3125,0.3125,0.625
0.5625,0.25,0.3125,0.625,0.125,0.5,0.125,0.1875,0.0625,0.1875,0,0,0,0,0,0,0,0,0,0,0,1.25,2.375,1.375,0.0625,0,0,0,0.8125,0,0,0,0.25,0.1875,2.5625,0,0.125,13.25,0,0,0,0,0,0,0,0.5,0,0,0,0,0,0,0,0.25,0,0,0,0,5.5,2.9375,0.3125,12.75,1.625,0.1875,0.8125,0.875,0.9375,0.75,0.8125,0.25,0.0625,1.75,0.75,0.25,0.125,2.75,3.875,1.1875,0.25,0.75,0.4375,0.3125,0.4375,0.3125,0.1875,0.4375,0.5625,0.5,0.5625
0.125,0.1875,0.125,0.125,0,0,0.1875,0.25,0.3125,0.25,0.0625,0,0,0,0,0,0,0,0,0,0,1.75,0.75,0,0,0,0,0,0,0,0,0,0.8125,0,2.625,0,0,2.75,0,0.0625,0,0,0,0,0,0,0,0,0,0,0,0,0,0.125,0,0,0,0,0.25,0.125,0,0,0.3125,6.875,2.0625,0.25,0.0625,0.375,0.375,0.125,0.0625,0.5,0.0625,0,0.1875,0.4375,0.5,0.75,1.3125,0.6875,0.125,0.5,0.25,0.3125,0.4375,0.375,0.375,0.4375,0.25
0.1875,0.1875,0.125,0,0,0,0.0625,0.1875,0.125,0.375,0.125,0.0625,0,0,0,0,0,0,0,0,0,0,0,0,0,0,0.3125,0.25,0,0.0625,0,0,0,0.0625,0,0.125,0.0625,0.0625,0,0.125,0,0,0.0625,0.625,0,0,0,0,0,0,0,0,0,0,0,0,0,0.0625,0.125,0.3125,0.25,0.25,0.25,0.0625,0,0,0.125,0.0625,0.5625,0.75,0.5,0.125,0.125,0.25,0.0625,0,0,0.5625,0.9375,0.5625,0.5625,0.4375,0.4375,0.3125,0.3125,0.25,0.3125,0.25,0.1875
0.0625,0,0,0,0,0.125,0.375,0.1875,0.1875,0.1875,0.3125,0.125,0,0,0,0,0.125,0,0,0,0,0,0,0,0,0,0.0625,0.9375,0.0625,0,0,0,0,0,0,0.25,0,0,0,0,0.625,0.8125,0,0.8125,9.4375,10.4375,4.875,0,0,0,0,0,0,0,0,0,0,0.0625,0,0.25,0.25,0.375,0.375,0.3125,0.1875,0.25,0.125,0.125,0.0625,0.125,0.25,0.25,0.125,0.25,0.1875,0.0625,0.25,0.25,0.0625,0.1875,0.4375,0.4375,0.3125,0.3125,0.1875,0.125,0.25,0.125,0.0625
0.3125,0.5,0.3125,0.4375,0.5,0.375,0.375,0.3125,0.1875,0.1875,0.125,0.125,0,0,0,0,0,0,0,0,0,0,0,0,0,0.0625,0,0.25,0,0.0625,0,0.0625,0,0,0,0.125,0,0,0,0,0,0,2.1875,7.125,10.6875,2.125,9.25,1,3.375,0,0,0,0,0,0,0,0,0,0.0625,0.25,0.3125,0.25,0.375,0.5,0.3125,0.1875,0.1875,0.25,0.1875,0.25,0.125,0.1875,0.1875,0.1875,0.25,0.25,0.0625,0.125,0.1875,0.3125,0.375,0.25,0.3125,0.1875,0.25,0.125,0.125,0.125,0.125
0.25,0.1875,0.1875,0.3125,0.375,0.375,0.5,0.25,0.25,0.3125,0.25,0.0625,0.0625,0.1875,0.0625,0,0,0.375,0,0,0,0,0,0,0,0,0,0,0.1875,2.1875,0,0,0,0.4375,0,0.0625,0,0,0,0,0,0,0.1875,2.1875,4.1875,7.5,0.125,0,0.0625,0,0,0,0.125,0,0,0,0,0,0,0.0625,0.1875,0.1875,0.25,0.375,0.4375,0.3125,0.25,0.25,0.1875,0.125,0.0625,0.1875,0.125,0,0.0625,0.125,0.125,0.125,0.25,0.125,0.1875,0.25,0.3125,0.1875,0.0625,0.125,0.0625,0.125,0.0625
0.25,0.25,0.4375,0.5,0.3125,0.625,0.5625,0.3125,0.3125,0.1875,0.3125,0.3125,0.375,0.25,0.3125,0.125,0,0,0,0,0,0,0,0,0,0,0,0,0,0,0,0.5,0,1.625,0,0,0.0625,0,0,0,0,0,0,1.0625,3.625,4.75,0.25,0.375,0.125,0.0625,0,0,0.0625,0.125,0.0625,0,0.9375,0,0,0,0.0625,0.125,0.125,0.1875,0.3125,0.25,0.25,0.25,0.1875,0.3125,0.4375,0.25,0.125,0,0,0.125,0.1875,0.25,0.1875,0.25,0.25,0.25,0.3125,0.125,0.1875,0.125,0.125,0.1875,0.125
0.25,0.3125,0.125,0.375,0.375,0.3125,0.1875,0.25,0.5,0.375,0.1875,0.25,0.25,0.3125,0.25,0.0625,0,0,0,0,0,0,0,0,0,0,0.6875,0,1.6875,0.25,0,1.4375,0.1875,1.0625,0,0.125,0.0625,0,0,0,0,0,0,0.0625,2.1875,8.5,4.375,0.3125,0.125,0,0,0.0625,0.25,0.0625,0,0.1875,1.1875,11.0625,0.1875,0.0625,0.0625,0.0625,0.0625,0.125,0.1875,0.25,0.25,0.25,0.25,0.25,0.1875,0.1875,0.125,0.125,0.1875,0.25,0.1875,0.3125,0.25,0.25,0.1875,0.25,0.1875,0.125,0.1875,0.1875,0.125,0.25,0.125
0.25,0.375,0.375,0.1875,0.5625,0.25,0.375,0.375,0.25,0.25,0.1875,0.3125,0.25,0.25,0.0625,0.1875,0.0625,0,0,0,0,0,1.25,0.375,0,0,0,0.0625,0,1.125,3,0.0625,0,0,1.125,0,0.125,0,0,0,0,0,0,1.875,1.125,0,2.375,0.3125,0,0,0,0,0,0,0.0625,0.75,0.4375,11.6875,6.4375,0.0625,0,0,0,0.0625,0.1875,0.1875,0.1875,0.25,0.1875,0.1875,0.1875,0.25,0.25,0.1875,0.25,0.1875,0.1875,0.1875,0.25,0.3125,0.375,0.375,0.1875,0.1875,0.25,0.25,0.1875,0.1875,0.1875
0.3125,0.3125,0.4375,0.4375,0.3125,0.5,0.125,0.25,0.25,0.25,0.375,0.25,0.125,0.125,0.125,0.125,0,0,0,0,0,0.0625,0,0,0.625,0.0625,0,0,0,1.875,3.1875,0,0,0,0.8125,1.9375,2.3125,0,0,0,0,0,0,1,0.125,0.5,0,0.125,0,0,0,0,0,0,0.0625,0,0,0,0,0.0625,0,0.125,0.0625,0.0625,0.1875,0.125,0.125,0.1875,0.1875,0.1875,0.1875,0.1875,0.125,0.125,0.1875,0.25,0.25,0.1875,0.25,0.1875,0.25,0.25,0.25,0.25,0.3125,0.25,0.1875,0.1875,0.1875
0.1875,0.4375,0.375,0.1875,0.3125,0.375,0.25,0.1875,0.3125,0.375,0.375,0.3125,0.1875,0.125,0.0625,0,0.0625,0.0625,0,0,0,0,0,0,0,0.75,6.375,0.125,0,0.125,0.3125,0,0,0,0,0,13,0,0,0,0,0,0,0.125,1.75,0.375,1,0.0625,0.25,0,0,0.0625,0.0625,0.0625,1.375,8.9375,0.125,0,0,0,0,0,0,0.0625,0.0625,0.0625,0.0625,0.0625,0.125,0.0625,0.125,0.125,0.1875,0.25,0.125,0.0625,0.125,0.1875,0.1875,0.125,0.125,0.125,0.125,0.1875,0.25,0.125,0.125,0.125,0.125
0.1875,0.3125,0.375,0.4375,0.3125,0.375,0.3125,0.3125,0.375,0.3125,0.3125,0.3125,0.25,0.0625,0.0625,0.0625,0.0625,0,0,0,0,0,0,0,0,0,1.3125,0,0,0,0.0625,0,0,0,0,0,1.1875,0.4375,0,0,0,0.375,0,0,0,0.5625,2,0,0.4375,0.125,0,0.125,0.1875,0,0,0,0,0,0.1875,0,0.1875,0.125,0,0,0,0,0.1875,0.0625,0.625,0.125,0.125,0.0625,0.0625,0.0625,0.0625,0.0625,0.0625,0.0625,0.0625,0.0625,0.0625,0.0625,0.0625,0.0625,0.0625,0.0625,0.0625,0,0.0625
0.3125,0.4375,0.5,0.4375,0.375,0.25,0.4375,0.4375,0.3125,0.25,0.1875,0.125,0.125,0.125,0.125,0.0625,0.125,0.0625,0,0,0,0,0,0,0,0,0,0,1.625,0.5625,0,0,0,0,0.125,0,0,4.5625,0,0.375,0.5625,2.9375,0,0,0,0,5.9375,5.1875,2.625,0.125,0.1875,0,0,0.1875,2.3125,0,0,2.9375,0.75,0,0.375,0.875,0,0,0,0,0.3125,0.625,0,0,0,0.0625,0.125,0.3125,0.25,0.125,0.0625,0,0,0,0,0,0,0.0625,0,0.0625,0.0625,0.0625,0
0.3125,0.25,0.5,0.375,0.375,0.375,0.375,0.3125,0.25,0.3125,0.3125,0.3125,0.3125,0.25,0.1875,0.125,0.1875,0.0625,0,0,0,0,0,0,0,0,0,0,0,0.25,0.625,0,0,0,0,0,0.125,3.0625,0,0,4.625,0,0,0,0.3125,1.6875,2.4375,2.1875,0.5,0.125,0.75,0,0.25,0,0.0625,0,0,0,0,0,0.5,2.5,0.0625,0,0,0,0,1.9375,0.3125,0.125,0.25,0.1875,0.3125,1,0.4375,0.375,0.125,0,0,0,0,0,0,0,0,0.0625,0.0625,0.0625,0.125
0.25,0.375,0.3125,0.1875,0.375,0.375,0.3125,0.25,0.3125,0.375,0.375,0.375,0.3125,0.25,0.3125,0.1875,0.125,0.0625,0.0625,0.125,0.0625,0,0,0,0,0,0,0,0,0,0,0,0,0,0,5.625,2.25,6.4375,14.625,0.6875,0,0,0,0,0,0,2.6875,1.9375,0.0625,1.0625,5.9375,0.1875,0.1875,1.3125,0,0,0,0,0,0,0.0625,0,5.375,0,0,0,0,0.375,0.375,0.125,0.25,0.4375,0,0,1.0625,1.875,1.3125,0.875,0,0,0,0,0,0,0,0,0,0,0
0.3125,0.0625,0.1875,0.1875,0.25,0.1875,0.1875,0.25,0.375,0.4375,0.4375,0.375,0.375,0.3125,0.1875,0.25,0.25,0.1875,0.1875,0.0625,0.125,0.0625,0,0,0,0,0,0,0,0,0,0.1875,0,0,0,0,0.5,0.125,0,0,0,0,0,0,0,0,0,0.0625,0,1.875,8.875,0.9375,0,6.1875,0,0,0,0,0,0,0,0,1.3125,5,0.125,0,0,0.125,0.3125,0.125,0,0,0,0,0,0,0,0,0,0,0,0,0,0,0,0,0,0,0.125
0.125,0.0625,0.125,0.125,0.0625,0.1875,0.1875,0.125,0.1875,0.1875,0.25,0.25,0.25,0.25,0.1875,0.1875,0.1875,0.1875,0.0625,0.125,0.125,0.125,0,0,0,0,0,0,0,0,0,0.0625,0,0,0,0,0,0,0,0,0,0,0,0,0,0,0,0,0,0,0,0,0,4.25,0,0,0,0,0,0,0,0.875,0,2,8.5,0,0,0.0625,0.0625,0.3125,0.375,0,0,0,0,0,0,0,0,0,0.125,0,0,0,0,0,0,0.5625,0.8125
0.1875,0.125,0.125,0.0625,0.0625,0.0625,0.0625,0.0625,0.125,0.125,0.25,0.125,0.125,0.125,0.125,0.0625,0.125,0.0625,0.0625,0.0625,0.0625,0,0,0,0,0,0,0,0,0,0,0.125,0.375,0,0,0,0,0,0,0,0.375,0,0,0,0,0,0,1.25,0,0,0,0,0.875,1.125,0,0,0,0,0,0,0.5,0,0,0,0,6.1875,0.0625,0,0.6875,0.125,0,0,0,0,0,0,0,0.125,0,0,0,0,0.0625,0,0.3125,0,0,0,0
0.125,0.125,0.125,0.0625,0.0625,0.0625,0.0625,0.0625,0.0625,0.0625,0.0625,0.0625,0.0625,0.0625,0,0.0625,0,0,0,0.125,0.125,0,0,0,0,0,0,0,0,0.125,0,0.4375,0.5625,0,0,0,0,0,0,0.625,8.125,1,0,0,0,0,0,0.0625,0,0,0,0,0.125,0.1875,0,0,0.0625,0.3125,0.75,0.4375,0,0,0,0,0,0.1875,1.8125,0.375,0.375,0.6875,0,0,0,0,0,0.4375,8.3125,9.125,2.75,1.875,0.0625,0,0,0,0,0,0.0625,0,0
0.0625,0.0625,0.125,0.0625,0.0625,0.0625,0.125,0.0625,0.0625,0,0,0,0,0,0,0,0,0,0,0,0.1875,0.0625,0.125,0,0,0,0,0,0,0,0,0.4375,0.5625,0.25,0,0,0,0,0.125,6.6875,0.1875,1.75,0.1875,0,0,0,0,0,0,2.375,0.75,0,2.1875,0,0,0,0,0,0,0,0,0,0,0.125,0,0,0.3125,0.25,0,0.125,0,4.3125,6.5,1.8125,1,0.25,0.125,0.1875,0.0625,1.125,3.75,0.75,0.0625,0.5625,3.5,0.25,0,0,0.0625
0.0625,0.0625,0.0625,0,0,0,0,0.0625,0,0,0,0,0.0625,0.0625,0,0,0,0,0,0,0,0.1875,0.25,0,0,0,0,0,0.0625,0.125,0,0.3125,0.3125,0.4375,0.3125,0.1875,0.5,0,0,1.4375,1.5625,0,0,0,0.125,0,0.3125,1.0625,1.5,0.125,0.4375,0.0625,3.0625,0,0,0,0,0,0,0,0,0,0,0,0.375,0,0,1.9375,9.4375,7.5625,18.125,8.0625,0.9375,0.3125,0.5625,0.1875,0,0.3125,0.1875,0.0625,0.1875,0.4375,0.375,0,0,0.125,0.375,0.6875,0.5625
0,0.0625,0.0625,0.0625,0,0,0,0.0625,0,0,0,0.0625,0.0625,0.0625,0.0625,0.0625,0,0,0,0,0,0,0.0625,0,0,0,0,0,0,0,0,0.1875,0.3125,0.625,0.8125,0.8125,0.4375,0,0,3.875,0.125,0.0625,0.125,0.125,0,0.125,0,0,0,0,0,0.75,2.5,0,0,0,0,0,0,0,0,0,0,0,0.3125,0,0,0,0,0.0625,3.375,3.4375,3.125,0.125,0,0,0.4375,0.125,0,0.3125,0,0,0.125,0.625,0.375,0.1875,0.1875,0.5,0.5
0,0,0.0625,0,0.0625,0.0625,0.125,0.0625,0.0625,0.0625,0,0,0.0625,0.0625,0.125,0.125,0,0,0,0,0,0,0,0,0,0,0,0,0.25,0,0,0,0.0625,0.3125,0.5625,0.6875,1,0.8125,1.125,0.0625,0,0,0,0,0,0,0,0,0,0,0,0.8125,0.5,0,0,0,0,0,0,0.0625,0,0,0,0,0,0,0,0,0,0,0,0.625,0.125,0,0,0.625,0.125,0.125,4.6875,5.0625,2.5625,1.9375,1.375,0.625,0.5625,0.0625,1.8125,1.375,1.625
0.9375,0.5625,0.125,0.0625,0.0625,0,0.0625,0.0625,0.125,0.0625,0.0625,0.0625,0.0625,0.125,0.125,0.125,0.125,0,0,0,0,0,0,0,0,0,0,0,0.0625,0,0,0,0,0,0,0.0625,0.3125,0.125,0.125,1.9375,0.5,0,0,0.3125,0,0,0,0,0,0,0,0.125,2.1875,0,0,0,0,0,0,0,0,0,0,0,0.0625,2.4375,1.8125,3.125,4.4375,0.5,0.3125,1.625,0,0.3125,1.6875,4.5625,5.125,3.5,0.3125,0.0625,0.0625,0.5,0.5,0.375,0.9375,0,1.5625,3.375,2
0.6875,1.125,1.0625,1.125,1.0625,0.375,0,0,0,0,0,0.0625,0.0625,0.0625,0.125,0.125,0.0625,0.0625,0,0,0,0,0,0,0,0,0,0,0.1875,0,0,0,0,0,0,0,0,0.125,0.875,0.75,0.125,0,0,0,0,0,0,0,0,0,0,0,0.1875,5,0,0,0,0,0.0625,0,0,0.25,0,3,0.0625,0,0,0,0,0.0625,0.25,1.1875,0,0,0,0,0.125,0.1875,0.3125,0.25,0,0,0,0,0.3125,0.9375,1.0625,1.4375,0.8125
