atmosphereWindy/data/current-rain-surface-level-gfs-1p00.json
{"header": {"discipline":0,"disciplineName":"Meteorologicalproducts","gribEdition":2,"gribLength":39719,"center":7,"centerName":"USNationalWeatherService-NCEP(WMC)","subcenter":0,"refTime":"2019-05-03T00:00:00.000Z","significanceOfRT":1,"significanceOfRTName":"Startofforecast","productStatus":0,"productStatusName":"Operationalproducts","productType":1,"productTypeName":"Forecastproducts","productDefinitionTemplate":8,"productDefinitionTemplateName":"Average,accumulation,extremevaluesorotherstatisticallyprocessedvalueatahorizontallevelinatimeinterval","parameterCategory":1,"parameterCategoryName":"Moisture","parameterNumber":8,"parameterNumberName":"Total_precipitation","parameterUnit":"kg.m-2","genProcessType":2,"genProcessTypeName":"Forecast","forecastTime":12,"surface1Type":1,"surface1TypeName":"Groundorwatersurface","surface1Value":0,"surface2Type":255,"surface2TypeName":"Missing","surface2Value":0,"gridDefinitionTemplate":0,"gridDefinitionTemplateName":"Latitude_Longitude","numberPoints":65160,"shape":6,"shapeName":"Earthsphericalwithradiusof6,371,229.0m","gridUnits":"degrees","resolution":48,"winds":"true","scanMode":0,"nx":360,"ny":181,"basicAngle":0,"lo1":0,"la1":90,"lo2":359,"la2":-90,"dx":1,"dy":1}, "data":
[rows 120 to 159 of 181, columns 89 to 177 of 360]
0.0625,0.1875,0.0625,0.125,0.0625,0.125,0.0625,0.125,0.1875,0.25,0.25,0.1875,0.0625,0.0625,0,0,0.125,8.625,14.125,7.8125,2.0625,0.375,0,0,0,0,0,0,0,0,0,0,0,0,0,0,0,0,0,0,0,0,0,0,0,0,0,0,0,0,0,0,0,0,0,0,0,0.0625,4.875,13,4.5,1.1875,2.6875,2.5625,0.0625,0.1875,0.75,0,0,0,0.3125,0.75,0.5,0,0.125,0.375,0.375,0.5625,0.4375,0.25,0.125,0.25,0.3125,0.0625,0.125,0.0625,0.0625,0.25,0.5625
0.125,0.125,0.0625,0.0625,0.0625,0.125,0.125,0.125,0.0625,0.125,0.1875,0.375,0.1875,0.125,0.0625,0,0.1875,7.25,16.375,12.125,7.1875,0.875,0,0,0,0,0,0,0,0,0,0,0,0,0,0,0,0,0,0,0,0,0.0625,0.0625,0.125,0,0,0,0,0.0625,0,0,0,0,0,0,0,0,2.375,15.3125,10.375,1,1.25,0.5625,0.125,0.625,1,0.1875,0,0,0.4375,0.4375,0.375,0,0.25,0.25,0.1875,0.3125,0.3125,0.25,0.375,0.3125,0.1875,0.3125,0.1875,0.0625,0.0625,0.0625,0.3125
0.125,0.0625,0.0625,0.0625,0.125,0.125,0.1875,0.25,0.25,0.3125,0.375,0.5,0.3125,0,0,0,0.0625,2.4375,20.0625,15.5625,9.625,4,0.0625,0,0,0,0,0,0,0,0,0,0,0,0,0,0,0,0,0.125,0,0,0,0.0625,0,0.0625,0,0,0,0.25,0,0,0,0,0,0,0,0,0.125,3.4375,1.8125,5.6875,2.6875,0.125,0.4375,0.125,0.875,0,0.5,0,0.0625,0.375,0.0625,0.125,0.125,0.25,0.25,0.1875,0.0625,0,0.0625,0.0625,0.1875,0.125,0.25,0.1875,0.0625,0,0
0.1875,0.125,0.0625,0.0625,0.125,0.125,0.25,0.375,0.4375,0.5,0.375,0.3125,0.4375,0.125,0.0625,0.0625,0,1.75,15.9375,17.4375,15.0625,4.1875,2.0625,0,0,0,0,0,0,0,0,0,0,0,0,0,0,0.0625,0,0,0,0.0625,0.1875,0.1875,0.0625,0.25,0.125,0.125,0,1.375,0,0,0.1875,0,0,0,0,0,0,2.1875,8.1875,2.875,8.25,2.5,4.1875,1.5,0.0625,0.0625,0.6875,0.1875,0.0625,0,0.125,0.25,0.1875,0.1875,0.25,0.0625,0.0625,0.0625,0.0625,0,0.0625,0.5625,0.625,0.0625,0,0,0
0.1875,0.1875,0.125,0.0625,0.125,0.1875,0.375,0.5625,0.5625,0.4375,0.3125,0.3125,0.5,0.75,0.5625,0.4375,0.125,1.5,14.375,20.875,14.375,7.6875,1.5,0.0625,0,0,0,0,0,0,0,0,0,0,0,0,0,0,0.0625,0,0.125,0.125,0,0.0625,0.1875,0.125,0.125,0,0.4375,0.3125,0,0,0.0625,0.0625,0,0,0,0,0,0.125,1.8125,0.375,1.125,12.9375,12.625,5.5,0.5625,0.3125,0.5625,0,0,0.0625,0.25,0.125,0.0625,0.125,0.0625,0.0625,0.0625,0.0625,0,0.0625,0.4375,0.4375,0.625,0,0,0,0
0.1875,0.1875,0.1875,0.0625,0.125,0.25,0.4375,0.5625,0.5,0.375,0.5,1,0.75,1.4375,0.9375,1.3125,0.625,1.375,14,22.375,15.125,7,2.8125,0.0625,0,0,0,0,0,0,0,0,0,0,0,0,0,0,0,0.0625,0.0625,0,0,0.0625,0.125,0.125,0.4375,0.9375,0.3125,0.3125,0.0625,0,0,0,0,0,0,0,0,0,0.0625,0.1875,2.125,0.5,10.8125,17.25,1.5625,0.8125,0.375,1.3125,0,0,0.0625,0.125,0,0,0,0,0,0,0.0625,0.125,0.4375,0.25,0,0.1875,0,0,0
0.25,0.25,0.1875,0.125,0.125,0.3125,0.5,0.5625,0.4375,0.6875,1.375,1.25,2.75,0.6875,0.75,1.375,2.1875,1.9375,11,23.75,13,6.8125,2.25,0.125,0,0,0,0,0,0,0,0,0,0,0,0,0,0.0625,0.0625,0,0.0625,0,0.0625,0.125,0.0625,0.125,0.5,0.375,0.3125,0.375,0.75,0.0625,0.5625,0.125,0.1875,0,0,0,0,0,0,0,0,1.875,4.875,6.4375,3.25,2.3125,0,1.625,0.375,0,0.375,0.25,0,0,0,0,0,0,0.3125,0.125,0.375,0,0.5,0,0,0,0
0.375,0.3125,0.25,0.1875,0.1875,0.3125,0.5625,0.5625,0.75,0.8125,2.125,1.3125,0.6875,0.25,1.3125,3.8125,4.9375,6.6875,8.9375,25.125,12,4.1875,0.9375,0,0,0,0,0,0,0,0,0,0,0,0,0.0625,0,0,0,0,0,0.0625,0.0625,0.125,0.0625,0.1875,0.125,0.1875,0.25,0.3125,0.1875,0.1875,0.375,0.4375,0.125,0,0,0,0,0,0,0,0.125,1.0625,4.75,6.9375,10.0625,3.5,0.75,0.1875,1.9375,0.8125,1.375,0.125,0,0,0,0,0,0,0,0.3125,0.5625,0.125,0.0625,0,0,0,0
0.4375,0.375,0.375,0.25,0.1875,0.3125,0.5625,0.6875,0.8125,1.0625,0.9375,2.75,2.0625,2.3125,5.1875,6.75,7.125,12.0625,9.75,14.5625,15.8125,2.1875,0.3125,0,0,0,0,0,0,0,0,0,0,0,0,0.0625,0,0,0,0.0625,0.0625,0.125,0.125,0.1875,0.1875,0.125,0.0625,0,0,0.0625,0.0625,0.3125,0.3125,0.1875,0.5,0,0,0,0,0.25,0,0,0,0.125,0.4375,3.8125,14.375,18.3125,1.125,0,0.5,1.6875,1.1875,0.125,0,0.125,0,0,0,0,0,0.375,0.25,0.125,0,0,0,0,0
0.4375,0.5625,0.375,0.25,0.25,0.25,0.3125,0.375,0.4375,0.625,0.4375,2.75,3.375,11.4375,8.375,5.6875,6.875,9.5625,15.0625,9.0625,20,0.875,0.0625,0,0,0,0,0,0.0625,0,0,0,0,0,0,0,0,0,0,0,0.125,0.25,0.25,0.3125,0.5,0.375,0.125,0.1875,0.1875,0.0625,0,0,0.5625,2.625,2.8125,0.5625,0.125,0,0,0,0,0,0,0,0,0.4375,10.5,13.9375,9.5625,0.5,0.0625,0.6875,0.25,0,0,0.0625,0,0,0,0,0.25,0,0.0625,0,0.0625,0.0625,0,0,0
1.0625,0.4375,0.375,0.25,0.125,0.1875,0.0625,0.1875,0.25,0.5625,0.4375,0.8125,4.4375,10.125,8.3125,6.375,3.625,7.75,14.1875,15.625,14.625,1.5,0.5625,0,0,0,0,0.0625,0.0625,0.0625,0,0,0,0,0,0,0.0625,0,0,0,0.25,0.1875,0.1875,0.3125,0.4375,0.3125,0.25,0.3125,0.3125,0.1875,0.125,0.0625,0,0.3125,3.125,6.0625,1.75,0,0,0,0,0,0,0,0,0,5.1875,21.3125,12.9375,0.5,0,0.25,0,0,0.0625,0.0625,0,0,0,0.375,0,0.0625,0.0625,0,0,0,0,0.0625,0.125
4.875,1.125,0.25,0.1875,0.0625,0.0625,0,0.0625,1.125,0.5625,0.5,0.6875,3.0625,1.0625,2.8125,0.625,0.0625,2.875,11.875,13.125,20.1875,4.9375,2.4375,5.125,0.5625,0,0.0625,0.0625,0.125,0.125,0,0,0,0,0,0,0.125,0.125,0.0625,0,0.0625,0.125,0.125,0.1875,0.125,0.125,0.125,0.125,0.125,0.0625,0.125,0.125,0.25,1.125,1.5625,1,1.5,0.625,0,0,0,0,0,0,0,0,3.1875,15.0625,15.0625,9,0.0625,0.125,0,0,0,0.0625,0,0,0.25,0.125,0,0.125,0,0,0,0,0,0,0
6.75,3.8125,0.5625,0.0625,0.0625,0,0,0,0.6875,1.875,1.3125,1.1875,0.75,0.1875,0.125,0.0625,0.125,0.75,3.9375,14.125,11.625,6,2.125,4.0625,3.3125,1.1875,0,0,0.0625,0.125,0.0625,0.0625,0,0,0,0,0,0,0.0625,0,0.1875,0.125,0.0625,0.125,0.0625,0.125,0.125,0.0625,0.0625,0.0625,0.125,0.3125,1.8125,4,3.6875,4.3125,6.9375,0.5,0,0,0,0,0,0,0,0,2.375,11.6875,15.5625,12.6875,1.6875,0.0625,0,0,0,0,0,0,0.25,0.125,0.0625,0,0,0,0,0,0,0,0
6,5.0625,2,0.375,0.0625,0,0,0,0.125,0.1875,0.9375,1.3125,0.5,0.125,0.0625,0.0625,0.125,0.75,1.25,5,13.625,10.75,4.5625,4.25,3.5,2,0.5625,0,0,0,0,0,0,0,0,0,0,0,0,0.0625,0.25,0.1875,0.1875,0.1875,0.125,0.125,0.125,0.1875,0.125,0.125,0.4375,0.9375,2.5625,3.1875,2.625,1,0.75,2.125,0.25,0,0.0625,0.125,0,0,0,0,3.5625,7.625,7,7.6875,2.9375,0.125,0,0.0625,0,0,0,0,0.3125,0.3125,0,0,0,0,0,0,0,0,0.0625
4.4375,4.25,2.25,1,0.1875,0.0625,0,0,0.125,0.5,1,2.25,0.75,0.125,0.0625,0.0625,0.25,0.5,0.3125,1.8125,5,10.5625,4.375,6.5625,4.625,3.875,3.3125,0.25,0,0,0,0,0,0,0,0.0625,0.1875,0.125,0,0.125,0.1875,0.25,0.125,0.25,0.3125,0.3125,0.3125,0.25,0.125,0.1875,0.375,0.375,1.3125,1,1.125,1.25,0.8125,0.8125,0.75,0.1875,0.25,0.3125,0.375,0.0625,0,0,5.5,6.5,6.0625,4.5625,2.3125,0.5625,0,0,0,0,0,0,0.4375,0.125,0,0,0,0,0,0,0,0,0.0625
5.4375,5.125,4,2.5625,0.9375,0.1875,0,0,0,0.3125,0.3125,1,0.5625,0.25,0.125,0.125,0.6875,0.1875,0.375,1,3.6875,5.625,3.875,4.875,0.3125,0.75,0.9375,0.5,0.0625,0,0,0,0,0,0,0,0.0625,0,0,0.0625,0.1875,0.25,0.25,0.3125,0.375,0.4375,0.3125,0.25,0.1875,0.25,0.1875,0.3125,0.3125,0.25,0.5,1.4375,1.4375,0.875,0.1875,0.1875,0.1875,0.0625,0.0625,0.125,0,0,4.75,8.8125,5.4375,4.125,2.0625,0.75,0,0,0,0,0,0.0625,0.4375,0,0,0,0,0,0,0,0,0,0.125
3.25,5.3125,6.375,4.25,1.75,0.75,0.0625,0,0,0.0625,0.125,0.25,1,0.3125,0.3125,0.1875,0.4375,0.4375,0.25,0.25,1.1875,5.0625,1.5625,3.4375,2.5625,2,0.625,0.5,0.25,0.0625,0,0,0,0,0,0,0,0,0.0625,0.1875,0.3125,0.25,0.25,0.1875,0.25,0.3125,0.25,0.3125,0.1875,0.1875,0.1875,0.3125,0.3125,0.125,0.125,0.1875,0.4375,0.4375,0.25,0.125,0.0625,0.1875,0.125,0.0625,0,0.125,1.5625,10.3125,6.25,4.625,2.25,0.875,0,0,0,0,0,0.8125,0.0625,0,0,0,0,0,0,0,0,0,0.125
2.5625,4,8.125,6.3125,3.1875,1.0625,0.25,0,0,0,0.25,0.25,0.1875,0.6875,0.625,0.3125,0.3125,1.125,0.75,0.1875,0.5625,4.1875,1.9375,2.1875,5.375,1.0625,1.3125,1,0.125,0.1875,0.0625,0,0,0,0,0,0,0.0625,0.125,0.1875,0.1875,0.25,0.25,0.25,0.25,0.1875,0.125,0.1875,0.3125,0.25,0.125,0.1875,0.1875,0.125,0.125,0.0625,0,0,0.0625,0.1875,0.0625,0.125,0.1875,0.0625,0,0.0625,0.625,6.125,8.625,4.875,2.1875,0.5625,0,0,0,0,0.0625,0.5,0.3125,0,0,0,0,0,0,0,0,0.0625,0.0625
1.25,3.9375,7.9375,6.5625,3.9375,1.4375,0.375,0,0,0,0,0.3125,0.125,0.3125,0.75,1.1875,0.4375,0.5,1.25,0.5625,0.5,1.5625,2.9375,1.875,1.875,2.5625,0.5625,0.625,0.3125,0.0625,0.125,0.0625,0,0,0,0,0,0,0,0,0.0625,0.125,0.125,0.1875,0.1875,0.125,0.0625,0.125,0.1875,0.125,0.1875,0.1875,0.125,0.0625,0.0625,0.125,0.0625,0.1875,0.9375,0.4375,0.5,0.5625,0.4375,0.875,0.3125,0.125,1.5625,1.375,5.375,7.375,1.9375,0.5,0,0,0,0,0.0625,0.9375,0.8125,0.25,0.0625,0.0625,0,0,0,0,0.0625,0,0
0.3125,3.0625,5.75,7.0625,5.5,2.375,0.6875,0,0,0,0,0,0.25,0.1875,0.3125,0.4375,3.0625,0.5625,0.1875,2.25,0.875,0.4375,1.625,1.4375,2.3125,2.25,0.9375,0.625,0.8125,0.6875,0.6875,0.8125,0.75,0.5625,0.4375,0.25,0.125,0.125,0.0625,0.1875,0.1875,0.125,0.0625,0.0625,0.1875,0.125,0.125,0.0625,0.125,0.1875,0.1875,0.1875,0.25,0.1875,0.0625,0,0.4375,1.25,1.5625,1.375,3.75,2.75,2.875,2.625,2.625,2.5,3.1875,1.375,2,4.3125,2.9375,0.5625,0.125,0.0625,0.0625,0.125,0.1875,0.75,0.5625,0.375,0.0625,0.0625,0,0,0,0.0625,0,0,0.0625
0.25,1.75,4.6875,6.8125,6.4375,3.375,1.4375,0,0,0,0,0,0.0625,0.375,0.1875,0.1875,0.1875,6.375,0.3125,0.25,1.375,3,1.1875,1.25,0.8125,1.4375,4.75,5.25,2.5625,1.875,1.375,0.6875,0.3125,0.3125,0.3125,0.1875,0.1875,0.1875,0.1875,0.125,0.25,0.375,0.5625,0.5,0.1875,0.375,0.25,0.125,0.0625,0.125,0.125,0.1875,0.25,0.3125,0.3125,0.125,0.5625,0.3125,0.25,0.75,1.8125,0.25,4.0625,7.375,3.75,4.0625,3.0625,4,2.25,2.25,4.1875,0.9375,0.8125,1.25,0.9375,0.5625,0.5,0.8125,0.75,0.5625,0.1875,0.0625,0,0,0,0,0,0.0625,0.0625
0,0.1875,3.375,6.8125,7.3125,4.5,2.75,0.3125,0,0,0,0,0,0.125,0.1875,0.1875,0.5625,2.375,0.25,0.375,0.25,0.8125,2.625,3.8125,9.4375,4.4375,2.125,1.75,1.625,2,2.0625,1.9375,1.5,1.375,1.3125,1.1875,1.375,1.1875,0.875,0.75,0.875,0.625,0.5625,0.375,0.4375,0.5625,0.5625,0.375,0.25,0.125,0.125,0.125,0.125,0.3125,0.5625,0.5,0.1875,0.125,0.1875,0.1875,0.8125,0.3125,1.5,5.875,7.3125,4.375,3.5,1.875,2.875,3.6875,3,2.875,0.6875,1.375,1,1.0625,1.3125,0.8125,0.875,0.25,0.1875,0.0625,0,0,0,0.0625,0.0625,0,0
0.1875,0.125,0.8125,5.5625,9.0625,4.1875,3.8125,1.625,0,0,0,0,0,0,0.0625,0.125,0.25,0.9375,0.25,0.375,0.5625,0.375,1.5,1.0625,1.9375,4,7.75,8.75,3.375,2,2.25,2.375,2.4375,2.5,2.25,2.0625,1.625,1.25,0.75,0.375,0.3125,0.3125,0.3125,0.25,0.3125,0.375,0.5625,0.5,0.4375,0.3125,0.25,0.3125,0.1875,0.375,0.4375,0.5,0.5625,0.4375,0.5,0.5625,0.375,0.125,0.625,1.0625,3.0625,4.5,3.375,3.75,4.3125,4.0625,3.625,4.0625,2,1.375,1.125,1.3125,1.125,0.9375,0.875,0.3125,0.0625,0,0.0625,0.125,0.0625,0.0625,0,0.0625,0.125
0.5,0.125,0.3125,1.4375,5.375,6.1875,3.125,3.8125,1,0,0,0,0,0,0,0,0,0.1875,0.125,0.125,0.3125,0.1875,0.25,0.25,0.375,1.125,1.1875,1.1875,1.3125,0.6875,0.75,1.25,1.0625,1.0625,0.9375,0.75,0.5625,0.25,0.0625,0,0,0.0625,0.0625,0.0625,0.125,0.125,0.3125,0.375,0.625,0.625,0.625,0.5625,0.4375,0.375,0.3125,0.375,0.5,1.125,0.5625,0.6875,0.25,0.125,0.125,0.125,0.625,2.375,2.125,3.4375,7.6875,7.0625,7,5.625,5.25,3.375,1.875,1.5625,1.3125,0.625,0.375,0.3125,0.1875,0.125,0.0625,0.0625,0.1875,0.1875,0.125,0.125,0.0625
0.875,0.4375,0.375,0.5,1.875,6.1875,6.625,2.8125,2.4375,0.75,0,0,0,0,0,0,0,0,0,0,0,0,0,0,0,0,0.0625,0.0625,0.0625,0,0,0,0,0,0,0,0,0,0,0,0,0,0,0,0.0625,0.125,0.1875,0.1875,0.3125,0.4375,0.625,0.6875,0.625,0.5625,0.5,1.1875,0.8125,0.75,0.625,0.375,0.0625,0.1875,0.125,0.1875,0.25,1.3125,1.8125,4.3125,9.75,16.0625,15.125,12.375,8.8125,6.3125,5.4375,4.0625,2.125,1.0625,0.6875,0.4375,0.1875,0.0625,0.1875,0.1875,0.0625,0.125,0.0625,0,0
1.625,1.75,0.3125,0.375,1.125,2.0625,7.8125,6.3125,3.75,2.0625,0.3125,0,0,0,0,0,0,0,0,0,0,0,0,0,0,0,0,0,0,0,0,0,0,0,0,0,0,0,0,0,0,0,0,0,0.0625,0.0625,0.125,0.1875,0.1875,0.25,0.3125,0.625,0.75,0.625,0.5625,0.5625,1.3125,0.75,0.5625,0.4375,0.125,0.125,0.125,0.1875,0.4375,1.3125,4.5,2.375,5.75,12.75,16.8125,20.5,18.6875,13.125,9.1875,8.1875,7.125,6.5625,3.125,1.375,0.4375,0.25,0.1875,0.25,0.125,0.0625,0,0.0625,0.0625
0.125,2.5,1.75,0.4375,0.625,1.1875,1.5,5.8125,5.1875,2.875,1.875,0.4375,0,0,0,0,0,0,0,0,0,0,0,0,0,0,0,0,0,0,0,0,0,0,0,0,0,0,0,0,0,0.0625,0.0625,0.0625,0.125,0.125,0.125,0.125,0.1875,0.25,0.3125,0.25,0.5625,0.8125,0.6875,0.625,0.625,0.6875,0.8125,1.25,0.4375,0.4375,0.8125,0.1875,0.625,1.875,1.9375,3.4375,4.5625,2,4,9.1875,12.5625,13.875,13.3125,10,7.5625,5.8125,4.0625,2.1875,1.5,0.875,0.4375,0.1875,0.0625,0,0,0,0.0625
0,0.0625,1.875,2.875,0.8125,1.3125,1.625,1.5625,2.0625,2.4375,3.125,3.4375,1.6875,0.125,0,0,0,0,0,0,0,0,0,0,0,0,0,0,0,0,0,0,0,0,0,0,0,0,0,0,0.0625,0.0625,0.0625,0.125,0.1875,0.125,0.1875,0.1875,0.1875,0.1875,0.25,0.25,0.25,0.3125,0.6875,0.5625,0.5625,0.5625,0.6875,0.75,0.75,1.4375,1,0.5625,1.4375,0.4375,1.375,4.5,5.5625,4.125,2.8125,1.1875,1.75,3.25,3.8125,3.75,3.1875,2.5625,1.8125,1.0625,0.5625,0.1875,0.0625,0,0,0,0,0.0625,0.0625
0,0,0,1.875,3.5,1.6875,1.375,1.625,2.125,1.75,1.875,2.3125,3,1.9375,0.625,0.1875,0,0,0,0,0,0,0,0,0,0,0,0.0625,0.0625,0.0625,0.0625,0.0625,0.0625,0.0625,0.0625,0,0,0,0.0625,0.0625,0.1875,0.25,0.3125,0.375,0.4375,0.5,0.5,0.3125,0.3125,0.25,0.3125,0.375,0.375,0.375,0.375,0.625,0.875,0.6875,0.75,0.75,0.875,1.0625,0.375,0.875,1.25,0.5,1.0625,0.8125,1.125,2.8125,4.8125,3.75,1.8125,0.9375,0.75,0.75,0.625,0.5625,0.375,0.1875,0.125,0.0625,0,0,0,0.0625,0.0625,0.0625,0.125
0,0,0,0,0.6875,4,2.9375,2.4375,1.875,2.4375,2.75,2.75,2.5625,2.125,1.5,1.125,0.5625,0.3125,0.1875,0.0625,0,0,0,0,0,0,0,0,0,0,0.0625,0.0625,0.0625,0.0625,0.0625,0.0625,0.125,0.1875,0.1875,0.1875,0.25,0.25,0.3125,0.3125,0.4375,0.5,0.4375,0.375,0.25,0.3125,0.375,0.375,0.375,0.375,0.3125,0.3125,0.375,1,1.3125,1.1875,1.3125,1.375,1.4375,1,0.3125,0.375,0.6875,0.6875,0.875,1.125,0.9375,1.3125,1.4375,1.25,0.875,0.6875,0.4375,0.3125,0.1875,0.0625,0.0625,0,0,0,0.0625,0.0625,0.125,0.125,0.1875
0.3125,0.3125,0.125,0,0,0.1875,2.4375,3.1875,3.8125,3.5625,3.625,3.5,3.25,2.3125,1.875,1.8125,1.5,1.125,0.8125,0.5625,0.25,0.1875,0.25,0.0625,0,0,0,0,0,0,0,0,0.0625,0.125,0.125,0.1875,0.1875,0.1875,0.1875,0.25,0.25,0.375,0.4375,0.4375,0.5625,0.6875,0.625,0.5,0.375,0.375,0.4375,0.5,0.4375,0.375,0.4375,0.4375,0.375,0.4375,0.9375,2.1875,3.4375,3.625,3.5,3.5625,3.25,1.875,0.75,0.625,0.625,0.625,0.625,0.6875,0.6875,0.625,0.75,0.625,0.375,0.25,0.125,0.0625,0.0625,0.125,0.0625,0.125,0.125,0.1875,0.1875,0.1875,0.1875
0.1875,0.1875,0.0625,0.0625,0.125,0.125,0.1875,1.125,2.8125,4,5.5625,5,3.375,2.5,2.375,2.4375,2.125,1.75,1.25,0.875,0.4375,0.125,0.0625,0,0,0,0,0,0,0.125,0.1875,0.1875,0.1875,0.125,0.125,0.125,0.125,0.125,0.1875,0.25,0.375,0.4375,0.5625,0.6875,0.6875,0.6875,0.6875,0.75,0.6875,0.5,0.5625,0.5,0.625,0.625,0.8125,0.9375,0.875,0.9375,1,1.625,1.9375,2.1875,3.0625,4.4375,6.0625,7.25,8.5,8.75,7.6875,6,4.5,3.9375,3.3125,2.625,2,1.875,1.375,1.0625,0.75,0.5625,0.4375,0.25,0.125,0.125,0.1875,0.25,0.25,0.25,0.375
1.625,1.3125,1.125,1.125,1.0625,1.25,1.375,1.6875,2.875,3.625,4.0625,5.1875,3.9375,3.0625,2.75,2.25,1.6875,1.5625,1.0625,0.4375,0.125,0.0625,0.0625,0.0625,0.125,0.125,0.125,0.1875,0.1875,0.1875,0.1875,0.125,0.25,0.125,0.125,0.1875,0.25,0.3125,0.3125,0.375,0.625,0.9375,1,0.875,0.875,0.75,0.5625,0.5625,0.75,0.6875,0.625,0.5625,0.6875,1,1.5,2.125,2.5625,3.75,4.3125,4.625,4.8125,4.75,3.75,3,3.125,4.125,5.25,5.9375,6.25,5.6875,5.4375,4.8125,4.3125,3.5625,2.8125,2,1.5625,1.125,0.875,0.5625,0.375,0.25,0.25,0.25,0.25,0.25,0.375,0.5,0.4375
1.9375,1.8125,2.1875,2.5,1.875,1.625,1.8125,1.8125,2.1875,2.1875,2.0625,2.125,2.5,2.5,2.4375,1.9375,1.25,0.5,0.1875,0.125,0.1875,0.25,0.25,0.3125,0.3125,0.3125,0.25,0.25,0.125,0.3125,0.25,0.3125,0.3125,0.3125,0.3125,0.3125,0.375,0.4375,0.5,0.5,0.5625,0.625,0.6875,0.8125,0.9375,0.9375,0.9375,0.9375,1.0625,0.9375,0.75,0.5625,0.5,0.5,0.625,0.9375,1.1875,1.6875,2.4375,3.0625,3.5625,4,4.5,4.9375,5.0625,4.5,3.625,3.4375,3.375,3.5,3.6875,3.75,3.25,2.8125,2.375,1.875,1.5625,1.125,0.8125,0.625,0.4375,0.4375,0.3125,0.3125,0.375,0.4375,0.4375,0.5,0.6875
0.1875,0.25,0.3125,0.5,0.625,0.6875,0.875,1,1.125,1.0625,1.0625,1,0.875,0.5625,0.3125,0.1875,0.125,0.0625,0.0625,0,0,0,0,0,0,0,0,0,0.0625,0.0625,0.125,0.125,0.1875,0.375,0.375,0.375,0.4375,0.4375,0.4375,0.3125,0.3125,0.3125,0.25,0.3125,0.3125,0.25,0.1875,0.1875,0.25,0.3125,0.25,0.1875,0.0625,0.0625,0.0625,0.0625,0.1875,0.3125,0.5625,0.75,0.9375,1.375,1.75,2.1875,2.5,2.75,3,3.125,3,2.5,2,1.875,1.6875,1.375,1.125,1,0.75,0.75,0.5625,0.375,0.375,0.375,0.375,0.375,0.5,0.5,0.5,0.8125,0.8125
0,0,0,0,0,0,0,0,0,0,0,0,0,0,0,0,0,0,0,0,0,0,0,0,0,0,0,0,0,0,0,0,0,0,0,0,0,0,0,0,0,0,0,0,0,0,0,0,0,0,0,0,0,0,0,0,0,0,0,0,0,0,0,0.0625,0.1875,0.3125,0.375,0.4375,0.5,0.5,0.5625,0.625,0.5,0.5,0.4375,0.375,0.25,0.25,0.25,0.3125,0.4375,0.375,0.5,0.5,0.375,0.4375,0.6875,0.6875,0.625
0,0,0,0,0,0,0,0,0,0,0,0,0,0,0,0,0,0,0,0,0,0,0,0,0,0,0,0,0,0,0,0,0,0,0,0,0,0,0,0,0,0,0,0,0,0,0,0,0,0,0,0,0,0,0,0,0,0,0,0,0,0,0,0,0,0,0,0,0,0,0,0,0,0,0.0625,0.0625,0.125,0.1875,0.3125,0.5625,0.5,0.4375,0.4375,0.5,0.5625,0.5625,0.875,0.9375,0.9375
0,0,0,0,0,0,0,0,0,0,0,0,0,0,0,0,0,0,0,0,0,0,0,0,0,0,0,0,0,0,0,0,0,0,0,0,0,0,0,0,0,0,0,0,0,0,0,0,0,0,0,0,0,0,0,0,0,0,0,0,0,0,0,0,0,0,0,0,0,0,0,0,0,0,0,0,0.125,0.25,0.375,0.375,0.625,0.5,0.5625,0.5,0.5,0.875,1.0625,0.875,0.875
0,0,0,0,0,0,0,0,0,0,0,0,0,0,0,0,0,0,0,0,0,0,0,0,0,0,0,0,0,0,0,0,0,0,0,0,0,0,0,0,0,0,0,0,0,0,0,0,0,0,0,0,0,0,0,0,0,0,0,0,0,0,0,0,0,0,0,0,0,0,0,0,0,0,0,0,0,0,0.0625,0.3125,0.5625,0.4375,0.375,0.4375,0.5625,0.75,0.8125,0.875,0.8125
0,0,0,0,0,0,0,0,0,0,0,0,0,0,0,0,0,0,0,0,0,0,0,0,0,0,0,0,0,0,0,0,0,0,0,0,0,0,0,0,0,0,0,0,0,0,0,0,0,0,0,0,0,0,0,0,0,0,0,0,0,0,0,0,0,0,0,0,0,0,0,0,0,0,0,0,0,0,0,0,0,0,0,0.0625,0.3125,0.5625,0.5625,0.25,0.125
