atmosphereWindy/data/current-pressure-surface-level-gfs-1p00.json
{"header": { "discipline": 0, "disciplineName": "Meteorological products", "gribEdition": 2, "gribLength": 72535, "center": 7, "centerName": "US National Weather Service - NCEP(WMC)", "subcenter": 0, "refTime": "2019-01-20T18:00:00.000Z", "significanceOfRT": 1, "significanceOfRTName": "Start of forecast", "productStatus": 0, "productStatusName": "Operational products", "productType": 1, "productTypeName": "Forecast products", "productDefinitionTemplate": 0, "productDefinitionTemplateName": "Analysis/forecast at horizontal level/layer at a point in time", "parameterCategory": 3, "parameterCategoryName": "Mass", "parameterNumber": 0, "parameterNumberName": "Pressure", "parameterUnit": "Pa", "genProcessType": 2, "genProcessTypeName": "Forecast", "forecastTime": 0, "surface1Type": 1, "surface1TypeName": "Ground or water surface", "surface1Value": 0.0, "surface2Type": 255, "surface2TypeName": "Missing", "surface2Value": 0.0, "gridDefinitionTemplate": 0, "gridDefinitionTemplateName": "Latitude_Longitude", "numberPoints": 65160, "shape": 6, "shapeName": "Earth spherical with radius of 6,371,229.0 m", "gridUnits": "degrees", "resolution": 48, "winds": "true", "scanMode": 0, "nx": 360, "ny": 181, "basicAngle": 0, "lo1": 0.0, "la1": 90.0, "lo2": 359.0, "la2": -90.0, "dx": 1.0, "dy": 1.0 }, "data":
[rows 27 to 53 of 181, columns 236 to 294 of 360]
95662.98,96810.17,96714.17,97222.98,98411.77,98128.58,97629.375,97814.98,99029.375,98077.375,97213.375,97043.77,95699.77,95293.375,97131.77,96754.17,96005.375,96048.58,96640.58,97533.375,96963.77,97118.98,98104.58,97952.58,97178.17,97317.375,99184.58,99426.17,99682.17,99378.17,99837.375,100458.17,100437.375,100702.98,101088.58,101040.58,101000.58,100942.98,100880.58,100818.17,100771.77,100694.98,100458.17,100547.77,100488.58,100434.17,100440.58,100421.375,100437.375,100491.77,100606.98,100741.375,100867.77,99808.58,98275.77,94318.98,94173.375,101195.77,99149.375
90859.77,97973.375,99142.98,98101.375,92632.58,94222.98,97914.17,98659.77,98507.77,98830.98,99019.77,98722.17,98558.98,96998.98,96514.17,95725.375,96102.98,96122.17,96115.77,96686.98,96702.98,97282.17,97378.17,97416.58,97563.77,97542.98,98818.17,99454.98,100704.58,100702.98,101109.375,101450.17,101403.77,101350.98,101302.98,101250.17,101190.98,101123.77,101053.375,100984.58,100915.77,100843.77,100774.98,100715.77,100526.98,100634.17,100272.58,97653.375,96693.375,96171.77,96702.98,96963.77,101040.58,101093.375,101147.77,101238.98,101384.58,101035.77,100011.77
90910.98,98717.375,95683.77,96158.98,97882.17,98010.17,98010.17,98669.375,99045.375,99008.58,98715.77,98206.98,98166.98,97086.98,96605.375,95070.98,95214.98,95219.77,95640.58,96141.375,96344.58,96621.375,97131.77,97298.17,97347.77,97726.98,98814.98,99512.58,99680.58,101157.375,101712.58,101678.98,101635.77,101590.98,101538.17,101474.17,101405.375,101330.17,101246.98,101170.17,101099.77,101029.375,100962.17,100904.58,100859.77,100835.77,100579.77,99093.375,98234.17,96882.17,96110.98,96101.375,95736.58,97718.98,101114.17,101522.17,101576.58,101618.17,101634.17
96933.375,96597.375,96030.98,93792.58,95730.17,93568.58,92714.17,96986.17,97424.58,97114.17,97082.17,97590.98,98285.375,97162.17,96406.98,95746.17,95269.375,95179.77,95646.98,95739.77,95771.77,96662.98,97094.98,97328.58,98011.77,97902.98,98197.375,99438.98,100040.58,101774.98,102000.58,101960.58,101907.77,101851.77,101790.98,101718.98,101634.17,101542.98,101448.58,101365.375,101299.77,101232.58,101163.77,101107.77,101069.375,101064.58,101118.98,100944.58,99872.58,99358.98,99270.98,99307.77,99514.17,99725.375,100846.98,101819.77,101914.17,101958.98,102000.58
92557.375,95104.58,95598.98,93390.98,96110.98,96592.58,96899.77,95653.375,90411.77,90203.77,93918.98,97893.375,98126.98,97674.17,98259.77,97478.98,96648.58,95506.17,97402.17,97270.98,96440.58,95739.77,96979.77,97290.17,98104.58,98462.98,98714.17,99781.375,100315.77,102192.58,102326.98,102277.375,102216.58,102147.77,102070.98,101986.17,101888.58,101778.17,101674.17,101576.58,101494.98,101426.17,101366.98,101323.77,101312.58,101352.58,101237.375,100486.98,99581.375,99691.77,99181.375,99598.98,99027.77,99298.17,100496.58,102090.17,102202.17,102283.77,102472.58
84350.98,91770.17,93291.77,95149.375,93093.375,92702.98,95846.98,96931.77,95346.17,96910.98,96957.375,92890.17,94944.58,97224.58,96058.17,94622.98,94602.17,95478.98,95742.98,95315.77,96035.77,96218.17,97712.58,96746.17,97725.375,98381.375,98414.98,98866.17,99805.375,100926.98,101838.98,102454.98,102539.77,102464.58,102371.77,102270.98,102157.375,102035.77,101920.58,101821.375,101736.58,101661.375,101611.77,101590.98,101605.375,101653.375,101755.77,100736.58,99792.58,99419.77,98728.58,99741.375,98670.98,98147.77,99854.98,100528.58,100939.77,100643.77,98658.17
82496.58,85627.77,89883.77,92312.58,91822.98,91035.77,92837.375,94483.77,91582.98,94512.58,93832.58,94349.375,95621.375,94845.375,94114.17,95346.17,95334.98,94915.77,94402.17,95326.98,96245.375,97573.375,97738.17,97926.98,98522.17,99086.98,99427.77,99283.77,100467.77,100304.58,101565.375,102765.375,102810.17,102520.58,102653.375,102558.98,102437.375,102312.58,102189.375,102078.98,101987.77,101922.17,101883.77,101877.375,101906.17,101986.17,102106.17,102307.77,99435.77,98789.375,98166.98,98291.77,98170.17,98498.17,98128.58,99509.375,99210.17,99288.58,98315.77
92250.17,87998.98,92096.58,91866.17,93349.375,93413.375,93861.375,93275.77,92454.98,92933.375,93750.98,93725.375,92738.17,93514.17,94616.58,95814.98,95694.98,95994.17,95765.375,96136.58,96493.375,97650.17,97986.17,98243.77,98786.17,99168.58,99658.17,100453.375,100398.98,101034.17,101507.77,101899.77,101690.17,101008.58,100912.58,101568.58,102462.98,102592.58,102472.58,102365.375,102272.58,102206.98,102173.375,102182.98,102229.375,102336.58,102432.58,102458.17,99506.17,98899.77,98894.98,97197.375,96554.17,98112.58,96272.58,98794.17,98149.375,97797.375,97147.77
87630.98,91552.58,86286.98,87814.98,90342.98,92581.375,93014.98,92350.98,90662.98,89763.77,93190.98,93707.77,93789.375,93098.17,93106.17,93405.375,95757.375,95490.17,96410.17,97354.17,97150.98,98168.58,98349.375,98742.98,98920.58,99790.98,100691.77,100422.98,100502.98,101034.17,101200.58,101258.17,101384.58,101344.58,101720.58,101978.17,101978.17,101078.98,101907.77,101792.58,102157.375,102187.77,102518.98,102520.58,102571.77,102658.17,101277.375,100394.17,98942.98,98771.77,97667.77,97061.375,97234.17,95870.98,95872.58,95101.375,95525.375,95328.58,95704.58
91475.77,91648.58,92570.17,86306.17,81275.77,85998.98,87032.58,89046.98,89774.98,92619.77,92771.77,93448.58,93366.98,93477.375,93494.98,94774.98,94963.77,95461.375,95258.17,94685.375,97350.98,98941.375,99170.17,99499.77,99680.58,100131.77,100422.98,100190.98,100198.98,100290.17,100226.17,100283.77,100202.17,100595.77,100939.77,101070.98,101354.17,101499.77,101797.375,101589.375,101096.58,102045.375,102773.375,102798.98,102843.77,102834.17,100790.98,100050.17,98987.77,98941.375,98387.77,98290.17,96910.98,95352.58,95366.98,95725.375,94747.77,94850.17,95162.17
88093.375,89659.77,88813.375,85402.17,81406.98,80536.58,82422.98,83163.77,87712.58,90674.17,90853.375,92318.98,92856.58,93122.17,93790.98,94846.98,94344.58,94605.375,96242.17,96592.58,97354.17,95280.58,98754.17,99533.375,99741.375,100178.17,100563.77,100435.77,99709.375,99528.58,99571.77,99902.98,99755.77,99630.98,99883.77,100448.58,100835.77,100992.58,101221.375,101645.375,101811.77,102509.375,103011.77,103008.58,103090.17,103131.77,101109.375,100096.58,99059.77,98000.58,98032.58,96611.77,95282.17,95885.375,94715.77,94530.17,94510.98,94349.375,94906.17
88813.375,88410.17,91186.17,87558.98,87890.17,82882.17,83530.17,77587.77,77962.17,86934.98,90002.17,90965.375,91434.17,92038.98,92642.17,93462.98,93579.77,95642.17,95381.375,95262.98,95754.17,95214.98,96493.375,96408.58,99971.77,99792.58,100654.98,100712.58,99819.77,99384.58,99042.17,98840.58,98643.77,99237.375,98966.98,99544.58,99965.375,100722.17,101227.77,101278.98,101837.375,102458.17,102909.375,103251.77,103283.77,103272.58,101659.77,99621.375,99088.58,98624.58,98080.58,96696.58,94406.98,93594.17,94456.58,96242.17,94888.58,95533.375,94629.375
80064.58,80693.375,86320.58,87000.58,87989.375,89760.58,84662.98,79720.58,80160.58,81696.58,88829.375,90656.58,92669.375,92715.77,93414.98,93478.98,93830.98,94610.17,94555.77,95445.375,94653.375,95149.375,96168.58,95290.17,97558.98,100040.58,99906.17,100749.375,100173.375,99003.77,98598.98,98530.17,98101.375,98750.98,98622.98,98891.77,99469.375,99888.58,100874.17,101606.98,101858.17,101587.77,102115.77,102838.98,102989.375,102304.58,100712.58,99899.77,98770.17,97731.77,97312.58,97250.17,94834.17,95205.375,93541.375,95330.17,94906.17,95474.17,96406.98
92181.375,85693.375,84102.98,88046.98,84653.375,83426.17,88525.375,84010.17,81898.17,80560.58,85322.17,89938.17,92088.58,92083.77,92358.98,92053.375,91181.375,92811.77,93507.77,94520.58,95037.375,94178.17,94765.375,97206.98,97326.98,99286.98,100360.58,100594.17,100002.17,99205.375,98523.77,98517.375,98851.77,98130.17,97669.375,99507.77,99771.77,99174.98,99835.77,101090.17,101093.375,101064.58,101176.58,100589.375,99347.77,100490.17,100307.77,99082.17,98550.98,97773.375,96949.375,96517.375,96731.77,97371.77,96058.17,97000.58,97568.58,101306.17,102574.98
95438.98,101331.77,94722.17,85965.375,79192.58,89307.77,89022.98,83322.17,84558.98,86099.77,79658.17,85989.375,88686.98,88811.77,91235.77,90472.58,91547.77,91853.375,91346.17,93083.77,93899.77,95312.58,95846.98,97226.17,94758.98,97146.17,99085.375,100304.58,99373.375,99478.98,99032.58,98603.77,97938.17,97555.77,97387.77,98003.77,99669.375,98810.17,99242.17,98507.77,98822.98,99794.17,99533.375,99619.77,98947.77,98680.58,98707.77,98478.98,97136.58,96110.98,96366.98,98120.58,99282.17,96205.375,94992.58,99771.77,101954.17,100616.58,92906.17
93843.77,97162.17,99578.17,84626.17,92163.77,93576.58,91746.17,90730.17,88021.375,86054.98,87856.58,79192.58,88210.17,89864.58,90595.77,90221.375,92232.58,92933.375,93843.77,93782.98,94514.17,93845.375,94672.58,96022.98,96909.375,97402.17,97610.17,100339.77,99107.77,98936.58,98531.77,98341.375,97837.375,96754.17,97355.77,100877.375,101066.17,100994.17,100581.375,98965.375,97379.77,97746.17,97739.77,97902.98,98776.58,98552.58,98077.375,96853.375,95546.17,95245.375,95750.98,96883.77,95787.77,92890.17,97917.375,98277.375,96958.98,99142.98,101802.17
100851.77,99715.77,92381.375,86922.17,95899.77,96344.58,95008.58,90939.77,85462.98,82418.17,84269.375,84723.77,85954.17,80555.77,86125.375,86826.17,91499.77,90286.98,91246.98,92650.17,91822.98,92517.375,94240.58,95552.58,95843.77,96618.17,97904.58,99938.17,98282.17,97707.77,98165.375,98522.17,98306.17,101045.375,101093.375,100165.375,100920.58,100822.98,100794.17,100749.375,97088.58,97037.375,96824.58,97149.375,98077.375,98213.375,97430.98,96325.375,97243.77,96019.77,94994.17,96830.98,96058.17,97774.98,96133.375,96554.17,98299.77,95442.17,99266.17
100394.17,98720.58,91573.375,90850.17,95374.98,96957.375,86602.17,90146.17,90666.17,83410.17,82381.375,78198.98,82734.98,80978.17,83779.77,87474.17,90448.58,89798.98,91370.17,91234.17,90776.58,91898.17,93174.98,94405.375,95578.17,95435.77,98155.77,99003.77,98872.58,98050.17,98520.58,99390.98,99371.77,97766.98,97003.77,96499.77,98205.375,100030.98,100450.17,100414.98,100445.375,100402.17,99795.77,99744.58,99155.77,96688.58,97726.98,98139.77,98533.375,97181.375,96504.58,100453.375,98378.17,95965.375,94475.77,94080.58,98315.77,99030.98,100082.17
100043.77,100397.375,89771.77,91834.17,87642.17,87053.375,86262.98,85946.17,79502.98,78261.375,79069.375,80005.375,76773.375,75050.17,73598.98,86339.77,79352.58,87661.375,88125.375,87963.77,90042.17,91918.98,93219.77,94595.77,95296.58,97296.58,97498.17,95914.17,99358.98,99008.58,99461.375,99768.58,99394.17,98907.77,97858.17,98198.98,100368.58,100672.58,100515.77,98522.17,99246.98,100238.98,100056.58,99771.77,99483.77,97200.58,96152.58,97099.77,99221.375,99715.77,97981.375,98856.58,94810.17,92821.375,96880.58,99062.98,98301.375,99859.77,100142.98
99800.58,98525.375,85870.98,87784.58,85758.98,83038.98,85661.375,92566.98,85142.98,74819.77,77051.77,78515.77,84024.58,78112.58,71059.77,77874.17,86667.77,75563.77,85810.17,85581.375,80642.17,90915.77,92754.17,94690.17,95840.58,96523.77,98022.98,96579.77,96461.375,98125.375,99482.17,98334.98,98754.17,99654.98,99653.375,99974.98,99531.77,100528.58,99485.375,98218.17,99800.58,99845.375,99826.17,97421.375,96758.98,98198.98,99157.375,99762.17,99117.375,93269.375,91669.375,93862.98,94813.375,97283.77,99051.77,99509.375,99402.17,99581.375,99437.375
97821.375,93867.77,81674.17,83128.58,84880.58,84416.58,85918.98,84184.58,91517.375,89218.17,86424.58,85214.98,80965.375,78874.17,76506.17,78186.17,83010.17,81690.17,82645.375,85182.98,87650.17,90098.17,89498.17,91384.58,93579.77,95485.375,97102.98,98096.58,97690.17,97779.77,98638.98,99008.58,98864.58,99589.375,99034.17,99642.17,100045.375,100432.58,100098.17,99517.375,99443.77,99006.98,99206.98,98117.375,98856.58,99021.375,97926.98,98790.98,97360.58,96173.375,97211.77,91760.58,95198.98,98923.77,99320.58,99262.98,99395.77,99742.98,100008.58
95242.17,86586.17,86155.77,84459.77,82008.58,82632.58,82440.58,83291.77,79730.17,79110.98,82170.17,84811.77,84736.58,79309.375,80072.58,77390.98,79744.58,79424.58,79040.58,85086.98,87491.77,87493.375,88102.98,90338.17,92526.98,93794.17,95525.375,97037.375,98728.58,97592.58,99069.375,99349.375,99605.375,99869.375,100218.17,99669.375,100011.77,100350.98,99227.77,98739.77,99056.58,99917.375,99702.98,99518.98,96414.98,94610.17,93253.375,94973.375,95088.58,93226.17,98155.77,95499.77,96824.58,98838.98,99197.375,99285.375,99603.77,99907.77,100147.77
97973.375,82666.17,91200.58,84182.98,81952.58,87344.58,85920.58,85253.375,80701.375,80035.77,84749.375,86142.98,85877.375,76371.77,75342.98,76514.17,80432.58,74256.58,74610.17,80520.58,83746.17,87109.375,89478.98,90880.58,92430.98,94336.58,95790.98,97050.17,98638.98,98488.58,98603.77,99485.375,100171.77,100630.98,100234.17,100221.375,100216.58,100010.17,99373.375,99435.77,99456.58,98605.375,97803.77,97370.17,96523.77,95298.17,94726.98,97218.17,95139.77,97147.77,98590.98,98808.58,98853.375,99037.375,99224.58,99442.17,99771.77,100054.98,100293.375
99699.77,84122.17,99478.98,86211.77,83448.58,85205.375,84515.77,82568.58,80862.98,79290.17,81547.77,86037.375,83914.17,74901.375,83478.98,82571.77,79608.58,71586.17,73595.77,84301.375,85347.77,86462.98,89723.77,91531.77,93398.98,94674.17,96130.17,97280.58,98344.58,99155.77,99717.375,99584.58,100219.77,100278.98,100661.375,100242.17,100139.77,99725.375,99445.375,98016.58,98424.58,99040.58,98582.98,97259.77,97325.375,92480.58,96187.77,98235.77,97902.98,99290.17,99166.98,98978.17,98966.98,99163.77,99360.58,99600.58,99917.375,100200.58,100448.58
101866.17,95795.77,101232.58,95634.17,78906.17,84933.375,83822.98,80261.375,79254.98,79714.17,83086.98,84846.98,80085.375,82022.98,85640.58,81443.77,74142.98,68014.98,71435.77,74229.375,81443.77,85186.17,88384.58,91128.58,93142.98,95291.77,96803.77,97853.375,98339.77,99322.17,99571.77,100315.77,99654.98,100632.58,100656.58,100715.77,100840.58,100562.17,100174.98,99597.375,98883.77,99141.375,99115.77,97968.58,93805.375,94891.77,97710.98,99362.17,99720.58,99534.98,99262.98,99120.58,99110.98,99333.375,99518.98,99778.17,100082.17,100358.98,100603.77
101928.58,101646.98,100674.17,101309.375,85005.375,77669.375,84778.17,83462.98,83192.58,82774.98,79182.98,81582.98,75394.17,81315.77,82270.98,79832.58,72466.17,67061.375,77400.58,75512.58,86346.17,88118.98,89858.17,91621.375,93117.375,94718.98,96504.58,97130.17,98374.98,98854.98,99787.77,99315.77,99411.77,99256.58,101149.375,101200.58,101301.375,101010.17,100178.17,99427.77,98726.98,98475.77,97726.98,93309.375,91845.375,94310.98,98922.17,99819.77,99846.98,99530.17,99320.58,99154.17,99269.375,99528.58,99682.17,99965.375,100290.17,100533.375,100768.58
102056.58,102037.375,100194.17,99451.77,100931.77,79205.375,78086.98,84528.58,87248.58,89838.98,92386.17,84058.17,83328.58,85046.98,84904.58,85435.77,81030.98,78102.98,75661.375,74696.58,80389.375,85970.17,89221.375,91779.77,94648.58,95885.375,97806.98,98278.98,99638.98,99626.17,97994.17,97704.58,98069.375,100046.98,101366.98,101339.77,100859.77,100389.375,99813.375,98816.58,97606.98,94110.98,93054.98,92154.17,95254.98,98480.58,98854.98,99600.58,99715.77,99525.375,99323.77,99286.98,99469.375,99710.98,99902.98,100192.58,100475.77,100706.17,100914.17
