atmosphereWindy/data/current-temp-surface-level-gfs-1p00.json
{"header": {"discipline":0,"disciplineName":"Meteorologicalproducts","gribEdition":2,"gribLength":70064,"center":7,"centerName":"USNationalWeatherService-NCEP(WMC)","subcenter":0,"refTime":"2018-12-21T00:00:00.000Z","significanceOfRT":1,"significanceOfRTName":"Startofforecast","productStatus":0,"productStatusName":"Operationalproducts","productType":1,"productTypeName":"Forecastproducts","productDefinitionTemplate":0,"productDefinitionTemplateName":"Analysis/forecastathorizontallevel/layeratapointintime","parameterCategory":0,"parameterCategoryName":"Temperature","parameterNumber":0,"parameterNumberName":"Temperature","parameterUnit":"K","genProcessType":2,"genProcessTypeName":"Forecast","forecastTime":0,"surface1Type":103,"surface1TypeName":"Specifiedheightlevelaboveground","surface1Value":2,"surface2Type":255,"surface2TypeName":"Missing","surface2Value":0,"gridDefinitionTemplate":0,"gridDefinitionTemplateName":"Latitude_Longitude","numberPoints":65160,"shape":6,"shapeName":"Earthsphericalwithradiusof6,371,229.0m","gridUnits":"degrees","resolution":48,"winds":"true","scanMode":0,"nx":360,"ny":181,"basicAngle":0,"lo1":0,"la1":90,"lo2":359,"la2":-90,"dx":1,"dy":1}, "data":
[rows 126 to 167 of 181, columns 188 to 281 of 360]
292,292,292,292,292,292,292,292,292,292,292,292,292,292,291,290,291,290,290,290,290,290,290,290,290,291,291,291,291,291,291,291,291,291,291,291,291,291,291,291,291,291,291,291,291,292,292,292,292,293,293,292,293,293,292,292,293,293,292,292,293,293,294,295,295,295,294,294,294,293,293,293,293,292,292,292,292,292,292,292,292,292,291,291,290,289,289,289,289,289,289,289,289,289
292,292,292,292,292,292,292,292,292,291,291,291,291,292,292,291,290,290,289,289,289,289,289,289,289,290,290,290,290,290,290,290,290,290,290,290,290,290,290,290,290,290,291,291,291,291,291,291,292,292,292,292,291,291,292,292,292,292,292,292,292,292,292,292,292,293,294,294,294,293,293,293,293,292,292,292,292,292,292,292,292,292,291,291,291,290,290,289,289,288,288,288,288,288
292,292,292,292,292,292,292,292,292,291,291,291,291,291,292,291,290,289,289,289,289,289,288,288,288,289,289,289,289,289,290,290,290,290,290,290,290,290,289,289,289,290,290,290,290,290,290,290,290,290,291,291,291,290,290,291,291,291,291,291,291,291,291,291,291,291,291,292,293,292,292,292,292,292,292,291,291,291,291,291,291,291,291,291,291,291,290,290,289,289,288,288,288,288
292,292,291,291,291,291,291,291,291,291,291,291,291,291,291,291,289,289,289,288,288,288,288,288,288,288,288,288,288,289,289,289,289,290,289,289,289,289,289,289,289,289,288,289,289,289,289,289,289,289,290,290,290,290,289,289,290,290,290,290,290,290,290,290,290,290,290,290,290,289,289,290,291,291,291,291,291,291,290,290,290,290,290,290,290,290,289,289,289,289,289,288,288,287
291,291,291,291,291,291,291,291,291,291,291,291,291,290,290,289,289,288,288,287,287,287,287,287,287,286,287,287,287,287,288,288,288,289,289,289,289,289,289,288,288,288,288,288,288,288,288,288,288,288,288,289,289,288,288,288,288,289,289,289,289,289,290,290,290,290,290,290,289,289,290,289,289,288,287,288,288,289,289,289,289,288,288,288,289,288,288,288,289,288,288,288,288,287
291,291,291,291,290,291,291,291,290,290,290,291,290,289,288,287,287,287,287,287,287,286,286,286,286,286,286,286,286,286,286,287,287,287,288,289,289,288,288,288,288,287,287,287,287,287,288,288,288,288,288,288,288,288,288,288,288,288,288,288,288,288,289,289,289,289,289,289,289,289,289,289,289,289,289,289,289,289,289,288,288,288,287,287,287,287,287,287,287,287,287,288,288,287
291,291,290,290,290,290,290,290,290,290,289,289,288,287,287,287,287,287,286,286,286,286,286,285,285,285,285,285,285,285,285,286,286,286,286,287,287,288,288,288,287,287,287,287,287,287,287,287,287,287,287,287,287,287,287,287,287,287,287,287,287,287,288,288,288,288,288,288,288,288,288,288,288,288,288,288,288,288,287,287,287,287,287,287,287,287,287,287,286,286,287,287,287,287
290,290,290,290,290,290,289,289,289,289,288,287,287,287,286,286,286,286,286,286,285,285,285,285,284,284,284,284,284,284,285,285,285,285,285,285,286,286,286,287,287,287,286,286,287,287,286,286,286,286,286,286,286,286,286,286,286,286,286,286,286,287,287,287,287,287,287,287,287,287,287,287,287,287,287,287,287,287,286,287,286,286,286,286,286,286,286,286,286,286,286,286,286,286
289,289,289,289,289,289,289,288,288,288,287,287,287,286,286,286,286,286,285,285,285,284,284,284,284,284,284,284,284,284,284,284,284,285,285,285,285,285,285,285,285,285,286,286,286,286,286,286,286,286,286,286,286,285,285,286,286,285,285,285,286,286,286,286,286,286,286,286,286,286,286,286,286,286,286,286,286,285,285,285,285,285,286,285,285,285,286,286,285,285,285,285,285,285
288,288,288,288,288,288,288,287,287,287,287,286,286,286,286,286,285,285,285,285,284,284,284,284,284,283,283,283,283,283,283,283,284,284,284,284,284,284,285,285,285,285,284,285,285,285,285,285,285,285,285,285,285,285,285,285,285,285,285,285,285,285,285,285,285,285,285,285,285,285,285,285,285,285,285,285,285,285,285,285,285,285,285,285,284,285,285,285,285,285,285,285,285,284
287,287,287,287,287,287,287,286,286,286,286,286,286,286,285,285,285,285,285,284,284,284,284,284,284,283,283,283,283,283,283,283,283,283,283,283,283,284,284,284,284,284,284,284,284,284,284,285,285,284,284,285,285,284,284,284,284,284,284,284,284,284,284,284,285,285,285,285,285,285,285,285,285,285,284,284,284,284,284,284,284,284,284,284,284,284,284,284,284,284,284,284,284,284
286,286,286,286,286,286,286,286,286,286,286,286,285,285,285,285,285,285,284,284,284,284,284,284,283,283,283,283,283,283,282,282,282,282,282,282,282,283,283,283,283,284,284,284,284,284,284,284,284,284,284,284,284,284,284,284,284,284,284,284,284,284,284,284,284,284,284,284,284,284,284,284,284,284,284,284,284,284,284,284,283,283,283,283,283,283,283,283,283,284,284,284,284,284
286,286,286,286,286,286,285,285,285,285,285,285,285,285,285,284,284,284,284,284,284,284,284,284,283,283,283,283,283,283,282,282,282,282,282,282,282,282,282,282,282,283,283,283,283,283,283,283,284,284,284,284,284,284,284,284,284,284,284,283,283,283,283,284,284,284,284,284,284,284,283,283,283,283,283,283,283,283,283,283,283,283,283,283,283,282,282,283,283,283,283,283,283,283
285,285,285,285,285,285,285,284,284,284,284,285,285,284,284,284,284,284,284,284,284,284,283,283,283,283,283,283,283,283,282,282,282,282,282,281,281,281,281,281,281,281,282,282,283,283,283,283,283,283,283,284,284,284,283,283,283,283,283,283,283,283,283,283,283,283,283,283,283,283,283,283,283,283,283,283,283,283,283,283,283,283,283,282,282,282,282,282,282,282,282,282,283,283
284,284,284,284,284,284,284,284,284,284,284,284,284,284,284,284,284,284,284,284,283,283,283,283,283,283,283,283,283,283,282,282,282,282,281,281,281,280,280,280,280,280,281,281,282,282,282,282,282,282,283,283,283,283,283,283,283,283,283,283,283,283,283,283,283,283,283,283,283,283,283,283,283,283,283,283,283,282,282,282,282,282,282,282,282,282,282,282,282,282,282,282,282,282
283,283,283,283,283,284,284,283,283,283,283,283,283,282,282,282,282,283,283,283,283,283,283,283,283,283,283,283,283,282,282,282,282,281,281,280,280,280,280,280,280,280,280,280,281,282,282,282,282,281,282,283,283,283,283,282,282,282,283,283,283,283,283,283,283,283,283,282,282,282,282,282,282,282,282,282,282,282,282,282,282,282,282,282,282,282,281,281,281,281,282,282,281,282
282,283,283,282,282,282,283,283,283,282,282,282,282,282,281,281,281,281,281,281,281,282,282,282,282,282,282,282,282,282,281,281,281,280,280,280,279,279,279,279,279,279,279,280,280,281,281,281,281,281,280,280,280,281,282,282,282,282,282,282,282,282,282,282,282,282,282,282,282,282,282,282,282,282,282,282,282,282,282,282,282,282,282,281,281,281,281,281,281,281,281,281,281,281
282,282,282,282,282,282,282,282,281,281,281,281,281,281,280,280,280,280,280,280,280,280,281,281,281,281,282,282,282,281,280,280,279,279,279,278,278,278,278,278,278,278,279,279,280,281,281,281,281,281,281,280,280,280,279,279,279,279,279,279,280,280,280,280,281,281,281,281,281,281,281,281,281,281,281,281,281,281,281,281,281,281,281,281,281,281,281,281,281,281,281,281,281,281
282,282,281,281,281,281,281,280,280,280,280,280,280,280,280,280,280,280,279,279,278,278,278,279,279,280,281,281,281,278,277,277,277,278,277,277,277,277,277,278,278,278,278,279,280,280,280,280,280,280,280,280,280,279,279,279,280,280,280,280,280,280,280,280,280,280,280,280,280,280,280,280,280,280,280,280,280,280,281,281,281,281,281,281,281,281,281,281,281,281,281,281,281,281
280,280,280,279,280,280,280,279,279,279,279,279,279,279,279,279,279,278,278,278,278,277,276,275,275,275,275,275,276,276,276,277,277,277,277,277,277,277,277,276,276,277,277,279,279,279,279,280,280,280,280,280,279,279,279,279,279,279,279,279,279,279,279,280,280,280,280,280,280,280,280,280,280,280,280,280,280,280,280,280,280,280,280,280,280,280,280,280,280,280,280,280,281,281
280,280,279,279,279,279,279,278,278,278,278,278,278,278,278,277,277,277,277,277,277,277,276,276,275,275,275,275,276,275,276,276,276,276,276,276,276,276,275,276,277,277,277,277,277,278,278,279,278,278,278,278,278,278,278,278,278,278,278,279,279,279,279,279,279,279,279,279,279,279,279,279,279,279,279,279,279,279,279,279,279,279,279,279,280,280,280,280,280,280,280,280,280,280
279,279,279,278,278,278,278,278,278,277,277,277,277,277,277,276,276,276,275,275,274,275,275,275,275,275,275,275,275,274,274,274,275,275,275,275,275,275,275,275,276,277,277,277,275,275,277,277,277,276,276,276,276,277,277,277,277,277,277,277,278,278,278,278,278,278,278,278,278,278,278,278,278,278,278,278,278,278,278,278,278,278,279,279,279,279,279,279,279,279,280,280,280,280
278,278,278,278,277,277,277,277,277,277,276,276,276,276,276,275,275,275,275,275,275,275,275,275,275,275,275,275,274,274,274,274,274,274,274,274,274,274,275,275,275,276,276,276,276,276,275,275,275,275,275,275,275,275,275,275,275,275,276,276,276,276,277,277,277,277,277,277,278,278,277,277,277,277,277,278,277,277,277,277,277,278,278,278,278,279,279,279,279,279,279,279,279,279
278,277,276,276,276,276,276,276,275,275,275,275,275,275,275,274,274,274,274,274,274,274,274,274,274,274,274,274,274,274,274,274,274,274,274,274,274,274,274,274,274,275,275,275,275,275,275,274,274,273,274,274,274,274,274,275,275,275,275,275,275,276,276,276,276,276,276,277,277,277,277,277,276,276,277,277,277,277,277,277,277,277,277,278,278,278,278,278,278,279,279,279,279,279
274,274,274,274,275,274,274,274,274,274,274,274,274,274,274,274,274,273,274,274,274,274,274,274,274,274,274,273,274,274,273,273,273,273,274,274,274,274,274,274,274,274,274,274,274,273,273,273,273,273,273,274,274,274,274,274,275,275,275,275,275,276,276,276,276,276,276,276,276,277,277,277,276,276,276,276,276,276,276,277,277,277,277,277,277,277,277,277,277,277,278,279,279,279
273,274,274,274,274,274,274,273,273,274,273,273,273,273,273,273,273,273,274,274,274,274,273,273,273,273,273,273,273,273,273,272,272,273,274,273,274,274,274,273,273,273,273,273,273,273,273,273,273,273,273,273,273,273,274,274,275,275,275,276,275,276,276,276,276,276,275,276,276,276,276,276,276,276,276,276,276,276,276,276,277,277,277,276,276,277,277,277,276,276,276,277,276,277
273,273,273,273,273,273,273,273,273,273,273,273,273,273,273,273,273,273,273,273,273,273,273,273,273,273,273,273,273,273,272,272,272,272,272,272,272,272,272,272,272,272,272,272,272,272,272,272,272,272,272,273,273,273,273,274,274,275,275,275,275,275,275,275,275,275,275,275,275,275,275,275,275,275,275,275,275,275,275,275,276,276,275,275,275,276,276,276,276,276,275,275,276,276
273,273,273,273,273,273,273,272,272,272,272,273,272,272,272,273,272,272,273,273,273,273,273,273,273,273,273,273,272,272,272,272,272,272,272,272,272,272,272,272,272,272,272,272,272,272,272,272,272,272,272,272,273,273,273,273,273,273,273,273,274,273,273,273,273,273,274,274,274,274,274,274,274,274,274,274,274,274,274,274,274,274,274,274,274,274,274,274,275,275,275,275,275,275
272,272,273,272,272,272,272,272,272,272,272,272,272,272,272,272,272,272,272,272,272,272,272,273,273,273,272,272,272,272,272,272,272,272,272,272,272,272,272,272,272,272,272,272,272,272,272,272,272,272,272,272,272,272,273,273,273,273,273,273,273,273,273,273,273,273,273,273,273,273,273,273,273,273,273,274,274,274,274,274,274,274,274,274,274,274,274,274,274,274,274,274,274,274
272,272,272,272,272,272,272,272,272,272,272,272,272,272,272,272,272,272,272,272,272,272,272,272,272,272,272,272,272,272,272,272,272,272,272,272,272,272,272,272,272,272,272,272,272,272,272,272,272,272,272,272,272,272,272,272,273,273,273,273,273,273,273,273,273,273,273,273,273,273,273,273,273,273,273,273,273,273,273,273,274,274,274,274,274,274,274,274,274,274,274,274,274,274
271,271,271,271,271,271,271,271,271,271,271,271,271,271,272,272,272,272,272,272,272,272,272,272,272,272,273,272,272,272,272,272,272,272,272,272,272,272,272,272,272,272,272,272,272,272,272,272,272,272,272,272,272,272,272,272,272,272,273,273,273,273,273,273,273,273,273,273,273,273,273,273,273,273,273,273,273,273,273,273,273,273,273,273,274,274,274,274,274,274,274,273,273,273
271,271,271,271,271,271,271,271,271,271,272,272,272,271,271,271,271,272,272,272,272,272,272,272,272,272,272,272,272,272,272,272,272,272,272,272,272,272,272,272,272,272,272,272,272,272,272,272,272,272,272,272,272,272,272,272,272,272,273,273,273,273,273,273,273,273,273,273,273,273,273,273,273,273,273,272,273,273,273,273,273,273,273,273,273,273,273,273,273,273,273,273,273,273
271,271,271,271,271,271,271,271,271,271,272,272,272,272,272,272,271,272,272,271,271,272,272,272,272,272,272,272,272,272,272,272,272,272,273,273,273,273,272,272,272,272,272,272,272,272,272,272,272,272,272,272,273,273,273,273,273,273,273,273,273,273,274,273,273,273,273,273,273,273,273,273,273,273,273,273,273,273,273,273,273,273,272,272,273,272,273,273,273,272,273,273,273,273
272,272,272,272,272,272,272,272,272,272,272,272,272,272,272,272,271,271,271,271,271,271,271,271,272,272,272,272,272,272,272,272,272,272,272,273,273,273,272,272,272,272,272,272,272,272,272,272,272,272,272,272,273,273,273,272,272,273,273,273,273,273,273,274,274,273,274,274,274,274,274,274,274,274,274,274,274,274,274,274,273,273,273,274,273,273,273,273,273,273,273,273,272,272
272,272,272,272,272,272,272,272,272,272,272,271,271,271,271,271,271,271,271,272,271,271,271,271,272,272,272,272,272,272,272,272,273,273,273,273,273,273,272,272,272,272,272,272,272,272,272,272,272,272,272,272,272,273,273,272,273,273,273,273,273,273,273,273,273,273,273,274,274,274,274,274,274,274,274,274,274,274,274,274,274,274,273,273,273,273,273,273,273,273,273,273,273,273
272,272,272,272,272,272,272,271,271,271,271,271,271,271,271,271,271,271,271,271,271,271,271,272,272,271,271,272,272,272,272,272,272,272,272,272,272,272,271,272,272,272,272,272,272,272,272,272,272,272,273,273,273,272,272,272,272,273,273,273,273,272,273,273,273,273,273,273,273,273,273,273,273,273,273,273,273,273,273,273,273,273,273,273,273,273,273,272,272,272,272,271,271,271
272,272,272,272,272,272,272,272,271,271,271,271,271,271,271,271,271,272,272,271,271,271,271,272,271,271,271,271,271,271,271,271,271,271,271,272,272,272,272,272,272,272,272,272,272,272,273,273,273,273,273,272,272,272,272,272,272,272,272,273,273,272,272,272,272,272,272,272,273,273,271,270,271,271,270,270,272,273,272,272,272,272,271,271,271,271,270,270,270,270,270,270,270,270
272,272,272,272,272,272,272,272,272,272,272,272,272,271,271,271,271,271,271,272,272,271,271,271,271,272,272,272,271,271,271,271,272,272,272,271,271,272,272,272,272,272,272,272,272,271,271,272,272,272,272,272,272,272,272,271,271,271,272,272,271,272,272,273,273,272,272,272,271,269,269,269,269,268,269,269,270,270,270,270,270,269,269,269,269,270,270,270,270,270,271,271,270,267
272,272,272,272,272,272,272,272,272,272,272,272,272,272,272,272,272,272,272,272,272,272,272,271,271,271,271,271,271,271,271,271,271,271,271,271,272,272,271,271,271,271,271,271,271,270,270,269,270,270,268,267,269,269,271,270,271,270,269,271,271,271,270,270,271,272,272,272,273,273,272,270,269,268,267,266,265,263,263,263,263,263,262,263,263,263,264,265,266,268,269,267,264,265
271,271,271,271,271,271,271,271,271,271,271,272,272,272,272,272,272,272,272,272,272,271,271,271,271,271,271,271,271,271,271,271,271,270,270,270,266,265,267,265,264,265,266,266,266,265,265,265,265,265,265,264,264,265,264,264,265,267,270,269,270,270,271,271,271,271,271,272,272,273,273,272,272,271,268,266,266,266,266,266,266,265,265,264,264,264,264,265,265,266,267,267,267,268
270,270,270,270,270,271,271,271,271,271,271,271,271,271,272,272,272,272,272,272,271,272,271,271,270,269,268,265,264,262,262,264,263,261,259,259,258,257,258,257,256,257,257,256,255,255,255,255,255,256,257,257,257,257,258,259,260,262,263,263,264,265,266,266,266,267,266,266,266,267,267,267,267,267,267,267,267,267,267,266,266,266,265,265,264,264,265,266,266,267,267,267,268,269
271,271,271,270,270,270,270,270,270,271,271,271,271,271,271,271,271,271,272,271,271,270,268,269,269,269,270,268,265,263,261,260,259,259,258,258,257,257,256,256,256,256,256,256,255,255,253,255,255,254,255,255,256,258,259,260,262,263,264,264,265,265,265,265,265,265,265,265,264,264,264,263,263,263,263,263,263,263,262,262,261,261,261,261,262,263,264,265,266,266,266,264,264,265
