atmosphereWindy/data/current-rain-surface-level-gfs-1p00.json
{"header": {"discipline":0,"disciplineName":"Meteorologicalproducts","gribEdition":2,"gribLength":39719,"center":7,"centerName":"USNationalWeatherService-NCEP(WMC)","subcenter":0,"refTime":"2019-05-03T00:00:00.000Z","significanceOfRT":1,"significanceOfRTName":"Startofforecast","productStatus":0,"productStatusName":"Operationalproducts","productType":1,"productTypeName":"Forecastproducts","productDefinitionTemplate":8,"productDefinitionTemplateName":"Average,accumulation,extremevaluesorotherstatisticallyprocessedvalueatahorizontallevelinatimeinterval","parameterCategory":1,"parameterCategoryName":"Moisture","parameterNumber":8,"parameterNumberName":"Total_precipitation","parameterUnit":"kg.m-2","genProcessType":2,"genProcessTypeName":"Forecast","forecastTime":12,"surface1Type":1,"surface1TypeName":"Groundorwatersurface","surface1Value":0,"surface2Type":255,"surface2TypeName":"Missing","surface2Value":0,"gridDefinitionTemplate":0,"gridDefinitionTemplateName":"Latitude_Longitude","numberPoints":65160,"shape":6,"shapeName":"Earthsphericalwithradiusof6,371,229.0m","gridUnits":"degrees","resolution":48,"winds":"true","scanMode":0,"nx":360,"ny":181,"basicAngle":0,"lo1":0,"la1":90,"lo2":359,"la2":-90,"dx":1,"dy":1}, "data":
[rows 0 to 39 of 181, columns 89 to 177 of 360]
0.0625,0.0625,0.0625,0.0625,0.0625,0.0625,0.0625,0.0625,0.0625,0.0625,0.0625,0.0625,0.0625,0.0625,0.0625,0.0625,0.0625,0.0625,0.0625,0.0625,0.0625,0.0625,0.0625,0.0625,0.0625,0.0625,0.0625,0.0625,0.0625,0.0625,0.0625,0.0625,0.0625,0.0625,0.0625,0.0625,0.0625,0.0625,0.0625,0.0625,0.0625,0.0625,0.0625,0.0625,0.0625,0.0625,0.0625,0.0625,0.0625,0.0625,0.0625,0.0625,0.0625,0.0625,0.0625,0.0625,0.0625,0.0625,0.0625,0.0625,0.0625,0.0625,0.0625,0.0625,0.0625,0.0625,0.0625,0.0625,0.0625,0.0625,0.0625,0.0625,0.0625,0.0625,0.0625,0.0625,0.0625,0.0625,0.0625,0.0625,0.0625,0.0625,0.0625,0.0625,0.0625,0.0625,0.0625,0.0625,0.0625
0.375,0.375,0.375,0.375,0.375,0.375,0.375,0.375,0.375,0.375,0.375,0.375,0.375,0.375,0.375,0.375,0.3125,0.3125,0.3125,0.3125,0.3125,0.3125,0.3125,0.3125,0.3125,0.3125,0.25,0.25,0.25,0.25,0.25,0.25,0.25,0.25,0.25,0.25,0.25,0.25,0.25,0.25,0.1875,0.1875,0.1875,0.1875,0.1875,0.1875,0.1875,0.1875,0.1875,0.1875,0.1875,0.1875,0.1875,0.1875,0.1875,0.1875,0.1875,0.1875,0.1875,0.1875,0.1875,0.1875,0.1875,0.1875,0.1875,0.1875,0.125,0.125,0.125,0.125,0.125,0.125,0.125,0.125,0.125,0.125,0.125,0.125,0.125,0.125,0.125,0.125,0.125,0.125,0.125,0.125,0.125,0.125,0.125
0.125,0.125,0.125,0.125,0.125,0.1875,0.1875,0.1875,0.1875,0.1875,0.1875,0.1875,0.25,0.25,0.3125,0.3125,0.375,0.375,0.4375,0.4375,0.5,0.5,0.5,0.5,0.5,0.5,0.5625,0.625,0.625,0.625,0.625,0.625,0.5625,0.625,0.625,0.5625,0.5625,0.5625,0.5,0.5,0.5,0.5,0.4375,0.4375,0.4375,0.4375,0.4375,0.4375,0.4375,0.4375,0.4375,0.4375,0.4375,0.4375,0.4375,0.4375,0.5,0.5,0.5,0.5,0.5,0.4375,0.4375,0.4375,0.375,0.375,0.375,0.375,0.3125,0.25,0.25,0.25,0.1875,0.1875,0.1875,0.125,0.125,0.125,0.125,0.125,0.125,0.125,0.125,0.125,0.125,0.125,0.125,0.125,0.125
0,0,0,0,0,0,0,0,0,0,0,0,0,0,0,0,0,0,0,0,0,0,0,0,0,0,0,0,0,0,0,0,0,0,0,0,0,0,0,0.0625,0.0625,0.125,0.1875,0.25,0.3125,0.4375,0.5,0.5625,0.5,0.4375,0.4375,0.5,0.4375,0.375,0.3125,0.375,0.375,0.4375,0.375,0.375,0.3125,0.3125,0.25,0.1875,0.1875,0.1875,0.1875,0.25,0.25,0.3125,0.375,0.4375,0.5,0.625,0.625,0.625,0.625,0.5625,0.5625,0.5,0.4375,0.375,0.25,0.1875,0.125,0.0625,0.0625,0.0625,0
0,0,0,0,0,0,0,0,0,0,0,0,0,0,0,0,0,0,0,0,0,0,0,0,0,0,0,0,0,0,0,0,0,0,0,0,0,0,0,0,0,0,0,0,0,0,0,0,0.0625,0.3125,0.5625,0.5625,0.5,0.5,0.5625,0.5,0.375,0.3125,0.3125,0.4375,0.625,0.625,0.5625,0.5,0.375,0.375,0.3125,0.3125,0.375,0.4375,0.4375,0.5625,0.5625,0.5625,0.5625,0.5,0.375,0.3125,0.25,0.1875,0.1875,0.1875,0.125,0.0625,0.0625,0.0625,0.0625,0.125,0.125
0,0,0,0,0,0,0,0,0,0,0,0,0,0,0,0,0,0,0,0,0,0,0,0,0,0,0,0,0,0,0,0,0,0,0,0,0,0,0,0,0,0,0,0,0,0,0,0,0,0,0,0.0625,0.0625,0.1875,0.25,0.4375,0.5625,0.5625,0.5625,0.5625,0.5625,0.5625,0.6875,0.6875,0.625,0.5,0.5,0.4375,0.4375,0.5,0.5625,0.5,0.4375,0.3125,0.1875,0.125,0.125,0.125,0.125,0.1875,0.0625,0,0.0625,0.1875,0.1875,0.1875,0.1875,0.1875,0.125
0,0,0,0,0,0,0,0,0,0,0,0,0,0,0,0,0,0,0,0,0,0,0,0,0,0,0,0,0,0,0,0,0,0,0,0,0,0,0,0,0,0,0,0,0,0,0,0,0,0,0,0,0,0.0625,0.125,0.1875,0.25,0.3125,0.375,0.5625,0.6875,0.875,0.8125,0.6875,0.6875,0.5625,0.5,0.5,0.4375,0.4375,0.375,0.25,0.125,0.0625,0.0625,0.0625,0.125,0.1875,0.1875,0.1875,0.0625,0.0625,0.0625,0.0625,0.0625,0.0625,0,0.0625,0.0625
0.0625,0.0625,0,0,0,0,0,0,0,0,0,0,0,0,0,0,0,0,0,0,0,0,0,0,0,0,0,0,0,0,0,0,0,0,0,0,0,0,0,0,0,0,0,0,0,0,0,0,0,0,0,0,0,0.0625,0.125,0.1875,0.1875,0.25,0.3125,0.4375,0.5,0.5625,0.6875,0.625,0.5625,0.5625,0.5625,0.5625,0.5625,0.5,0.25,0.125,0.0625,0.0625,0.0625,0.125,0.1875,0.125,0.125,0.25,0.25,0.25,0.25,0.1875,0.125,0.0625,0.0625,0.0625,0.0625
0,0,0,0,0,0,0,0,0,0,0,0,0,0,0,0,0,0,0,0,0,0,0,0,0,0,0,0,0,0,0,0,0,0,0,0,0,0,0,0,0,0,0,0,0,0,0,0,0,0,0,0,0,0.0625,0.0625,0.125,0.1875,0.25,0.3125,0.375,0.4375,0.5625,0.625,0.6875,0.625,0.625,0.625,0.5625,0.5,0.3125,0.25,0.25,0.25,0.1875,0.25,0.25,0.3125,0.3125,0.4375,0.5,0.5,0.5,0.5,0.375,0.3125,0.1875,0.125,0.125,0.0625
0.0625,0,0,0,0,0,0,0,0,0.0625,0,0,0,0,0,0,0,0,0,0,0,0,0,0,0,0,0,0,0,0,0,0,0,0,0,0,0,0,0,0,0,0,0,0,0,0,0,0,0,0,0,0,0,0,0.125,0.1875,0.3125,0.375,0.375,0.4375,0.5,0.5625,0.625,0.625,0.625,0.625,0.5,0.5,0.625,0.5625,0.4375,0.5,0.5,0.625,0.625,0.75,0.8125,0.8125,0.875,0.9375,0.9375,0.9375,1,1,0.75,0.4375,0.1875,0.0625,0.0625
0,0,0,0,0,0,0,0,0.1875,0,0,0,0.0625,0.0625,0,0,0,0,0,0,0,0,0,0,0,0,0,0,0,0,0,0,0,0,0,0,0,0,0,0,0,0,0,0,0,0,0,0,0,0,0,0,0,0,0.0625,0.125,0.3125,0.4375,0.5,0.5625,0.625,0.6875,0.6875,0.6875,0.5625,0.5625,0.625,0.6875,0.8125,1,0.9375,0.6875,0.625,0.625,0.8125,1,1.125,1.125,1.0625,1,0.9375,0.875,0.875,0.9375,1.0625,1.0625,0.875,0.5,0.125
0,0,0,0,0,0,0,0,0,0.0625,0.625,0.0625,0,0,0,0,0.0625,0.0625,0,0,0,0,0,0,0,0,0,0,0,0,0,0,0,0,0,0,0,0,0,0,0,0,0,0,0,0,0,0,0,0,0,0,0,0,0,0.0625,0.1875,0.4375,0.5625,0.5625,0.6875,0.75,0.625,0.5625,0.5625,0.625,0.6875,0.6875,0.6875,0.75,0.625,0.5,0.25,0.3125,0.4375,0.4375,0.3125,0.3125,0.5625,0.8125,0.9375,0.875,0.8125,0.75,0.6875,0.6875,0.625,0.5625,0.5
0,0,0,0,0,0,0,0,0,0,0,0,0,0,0.0625,0.125,0.125,0.0625,0.0625,0,0,0,0,0.0625,0.0625,0.0625,0,0,0,0,0,0,0,0,0,0,0,0,0,0,0,0,0,0,0,0,0,0,0,0,0,0,0,0,0,0,0.0625,0.25,0.5625,0.6875,0.6875,0.6875,0.6875,0.625,0.5625,0.5,0.4375,0.5625,0.6875,0.5625,0.4375,0.3125,0.25,0.25,0.1875,0.125,0.125,0.125,0.125,0.125,0.125,0.125,0.125,0.1875,0.25,0.375,0.625,0.8125,0.8125
0,0,0,0,0,0,0,0,0,0,0,0,0,0,0,0,0,0,0.0625,0.0625,0.0625,0,0,0,0.0625,0.0625,0,0,0,0,0,0,0,0,0,0,0,0,0,0,0,0,0,0,0,0,0,0,0,0,0,0,0,0,0,0,0,0,0.0625,0.3125,0.625,0.6875,0.625,0.625,0.6875,0.75,0.875,0.625,0.5,0.5,0.3125,0.3125,0.3125,0.25,0.1875,0.1875,0.125,0.125,0.125,0.125,0.125,0.125,0.0625,0.0625,0.0625,0.125,0.25,0.3125,0.5625
0,0,0,0,0,0,0.0625,0,0,0,0,0,0,0,0,0,0,0,0,0,0,0,0.0625,0.0625,0.125,0.125,0.0625,0,0,0.0625,0.0625,0.0625,0.0625,0.0625,0.0625,0.0625,0.125,0.125,0.125,0.125,0.125,0.1875,0.1875,0.1875,0.125,0.0625,0,0,0,0,0,0,0,0,0,0,0,0,0,0,0,0.125,0.4375,0.5625,0.5625,0.5625,0.625,0.5,0.375,0.3125,0.5625,0.4375,0.25,0.125,0.0625,0.0625,0.0625,0.125,0.125,0.0625,0.125,0.125,0.0625,0.0625,0.125,0.125,0.0625,0.0625,0.3125
0.125,0,0,0,0,0.0625,0,0,0,0,0,0,0,0,0,0,0,0,0,0,0,0,0,0.125,0.125,0.1875,0.125,0.0625,0.0625,0.0625,0.125,0.1875,0.1875,0.1875,0.1875,0.25,0.25,0.1875,0.1875,0.1875,0.1875,0.125,0.125,0.0625,0.0625,0.0625,0.125,0.0625,0,0,0,0,0,0,0,0,0,0,0,0,0,0,0.0625,0.125,0.3125,0.375,0.625,0.75,0.4375,0.3125,0.25,0.0625,0.0625,0.0625,0.125,0.1875,0.125,0.125,0.125,0.125,0.125,0.125,0.125,0.0625,0.0625,0.0625,0.0625,0.125,0.0625
0,0.25,0.3125,0,0.0625,0.0625,0,0.125,0,0,0,0,0,0,0,0,0,0,0,0.125,0,0,0,0,0.1875,0.375,0.3125,0.375,0.4375,0.5,0.625,0.8125,0.9375,0.6875,0.75,0.6875,0.625,0.5,0.3125,0.1875,0.1875,0.125,0.125,0.125,0.125,0.125,0.0625,0.0625,0,0,0,0,0.0625,0,0,0,0,0,0,0,0,0,0,0.0625,0.125,0.125,0.1875,0.375,0.875,0.9375,0.375,0.375,0.4375,0.25,0.125,0.0625,0.125,0.1875,0.25,0.0625,0.0625,0.125,0.0625,0,0,0,0,0,0
0,0.25,0.75,0.8125,0.6875,0.125,0,0,0,0,0,0,0,0,0,0,0,0,0,0,0,0,0,0,0,0,0.3125,0.5625,0.6875,1.125,1.375,0.8125,0.1875,0.1875,0.3125,0.25,0.25,0.25,0.375,0.9375,1.25,0.8125,0.375,0.1875,0.125,0.125,0.125,0.125,0.125,0.1875,0.0625,0,0,0,0,0,0,0,0,0,0,0,0,0.0625,0.0625,0.125,0.1875,0.125,0.0625,0.25,0.5625,0.5625,0.3125,0.0625,0.0625,0.0625,0.0625,0.125,0.0625,0.0625,0.0625,0.1875,0.0625,0,0,0,0,0,0
0,0.625,2.25,2.3125,1.375,0.375,0,0,0,0,0,0,0,0,0,0,0,0,0,0,0,0,0,0,0,0,0.125,0.125,0.125,0.1875,0.3125,0.375,0.4375,0.1875,0.1875,0.0625,0.125,0.3125,0.4375,1.625,0.125,0.1875,0,0,0,0,0,0,0,0,0,0,0.0625,0.125,0.0625,0.0625,0,0,0,0,0,0.0625,0.125,0.0625,0.0625,0.0625,0.0625,0.0625,0.0625,0.0625,0.0625,0.25,0.5,0.4375,0.25,0.125,0.0625,0,0.0625,0.0625,0,0,0,0,0,0,0,0,0
0,0.4375,0.4375,0.5,0.5,0.375,0.1875,0,0,0,0,0,0,0,0,0,0,0,0,0,0,0,0,0.125,0,0,0,0.0625,0.125,0.1875,0.1875,0.1875,0.125,0.3125,0.1875,0.1875,0.125,0.5,0.1875,0.5,0.375,0.375,0.0625,0,0,0,0,0,0,0,0,0,0,0,0.0625,0.1875,0.1875,0.0625,0,0,0,0,0,0,0,0,0,0,0,0,0,0,0.125,0.0625,0.0625,0.0625,0.0625,0,0,0,0,0,0,0,0,0,0,0,0
0.0625,0.5625,0.8125,0.6875,0.5,0.375,0,0,0,0,0,0,0,0,0,0.125,0.0625,0.0625,0,0,0,0,0,0.0625,0.1875,0.1875,0.1875,0.125,0.125,0.1875,0.1875,0.25,0.0625,0.0625,0,0.0625,0.0625,0.25,1.5,2.1875,1.75,0.25,0,0,0,0.125,0.125,0,0,0,0,0.3125,0.125,0,0,0.0625,0.125,0.125,0.125,0.1875,0.125,0.125,0.0625,0,0,0.125,0.3125,0.25,0.3125,0.3125,0.0625,0,0,0,0,0,0,0,0,0,0,0,0,0,0,0,0,0,0
0,0.8125,0.5625,1.25,1.9375,0.875,0.5,0.125,0.0625,0.125,0.0625,0,0,0,0,0.0625,0.125,0.1875,0.1875,0.0625,0.125,0.0625,0.125,0.1875,0.1875,0.25,0.125,0.0625,0.0625,0.0625,0.0625,0.25,0.0625,0.0625,0.1875,0.125,0.25,0.9375,2.4375,1.25,0.5625,0.375,0.125,0.3125,0.1875,0.25,0.5,0.125,0,0.25,0.0625,0.375,0,0,0.125,0.125,0.0625,0.125,0.0625,0,0.0625,0.125,0.0625,0.1875,0.25,0.125,0.125,0.125,0.1875,0.1875,0.1875,0.0625,0.0625,0.3125,0.1875,0,0,0,0,0,0,0,0,0,0,0,0,0,0
1.125,2.25,2.375,1.8125,1.6875,1.375,2.1875,1.5625,1,1.3125,0.875,0.875,0.1875,0.0625,0,0.0625,0.0625,0.125,0.125,0.125,0.125,0.125,0.375,0.25,0.25,0.3125,0.1875,0.0625,0.0625,0.0625,0.0625,0,0,0.0625,0.0625,0.25,0.9375,0.9375,2.9375,0.875,0.0625,0.0625,0,0,0.0625,0.125,0.625,0.25,0.375,0.25,2.1875,0.6875,0,0,0.125,0.0625,0,0,0,0,0,0.1875,0.1875,0.1875,0.125,0.125,0.0625,0.0625,0.0625,0.125,0.125,0.0625,0,0.0625,0,0,0,0,0,0,0,0,0,0,0,0,0,0,0
4.0625,4.1875,7.1875,6.5,3.875,4.25,2.8125,1.75,3.25,1.875,1.9375,1.5,0.5625,0.5,0.3125,0.3125,0.25,0.1875,0.1875,0.1875,0.125,0.0625,0.0625,0.1875,0.3125,0.4375,0.5625,0.4375,0.125,0,0,0,0,0.0625,0.25,0.375,1.125,2,3.1875,1.0625,0.0625,0,0,0,0.0625,0.1875,0,0.25,0.9375,0.6875,0.1875,0.4375,0.0625,0,0,0,0,0.0625,0.125,0,0.1875,0.1875,0.125,0.0625,0,0,0,0,0,0.0625,0.0625,0.0625,0.0625,0,0,0,0.0625,0.0625,0,0.0625,0,0,0,0.0625,0,0,0,0,0
4.0625,2,1.4375,3.3125,3.9375,3.5625,3.3125,1.875,4.875,1.5625,1.625,1,1,0.75,0.5,0.125,0.1875,0.25,0.25,0.25,0.1875,0.1875,0.125,0.0625,0.1875,0.375,0.5,0.4375,0.3125,0.1875,0.0625,0,0,0.0625,0.1875,0.25,1,1,3.75,3.0625,0.375,0,0,0,0.0625,0.25,0.1875,2.625,0.6875,1.625,0.5625,1.3125,0.125,0,0,0,0,0,0,0,0.0625,0.0625,0.125,0.0625,0,0.125,0,0,0.0625,0.125,0,0,0,0.0625,2,0.1875,0,0,0,0.125,0.0625,0,0,0,0,0,0,0,0
2.875,0.375,0.8125,1,0.9375,2,3.8125,3.5625,3.8125,1.4375,0.3125,0.625,0.5625,0.4375,0.5625,0.375,0.25,0.1875,0.3125,0.3125,0.25,0.0625,0.0625,0.0625,0.125,0.25,0.3125,0.4375,0.5,0.3125,0.125,0.0625,0.0625,0.1875,0.125,0.125,0.125,0.875,1.4375,1.75,1,0.125,0,0,0.125,2.1875,1.6875,0.25,1.3125,0.875,1.6875,1.3125,0.125,0.0625,0,0.0625,0,0,0,0,0,0.0625,0.125,0.0625,0.0625,0.375,1.3125,0.5625,0.0625,0,0,0,0,0,0,0,0.0625,0.125,0.0625,0.125,0.125,0.0625,0,0,0,0,0,0,0
0.5,0.1875,0.4375,0.5,0.625,1.1875,2.125,2.3125,3.5625,0.5625,0.4375,0.3125,0.5625,0.375,0.5625,0.5,0.625,0.6875,0.4375,0.1875,0.125,0.125,0.125,0.1875,0.25,0.3125,0.375,0.375,0.375,0.375,0.1875,0.0625,0.0625,0.125,0.25,0.5,0.5,0.5,0.875,0.625,0.125,0,0,0,0,0.25,0.8125,2.0625,2.9375,1.1875,0,0.0625,0,0,0,0,0,0.0625,0,0,0,0.0625,0.0625,0.0625,0.5625,1.1875,0.875,0.125,0.0625,0,0,0,0,0,0.1875,0.0625,0.125,0,0.0625,0,0.3125,0.1875,0.0625,0,0,0,0,0,0
1.1875,1,0.5625,0.6875,0.5625,0.1875,1.3125,1.8125,2.875,1.875,1.375,0.9375,0.6875,0.375,0.375,0.3125,0.5,0.5625,0.5625,0.375,0.25,0.0625,0.0625,0.125,0.25,0.4375,0.5625,0.8125,0.6875,0.5625,0.375,0.3125,0.25,0.125,0.25,0.375,0.3125,0.4375,0.5625,0.5625,0.25,0.125,0,0,0.25,0.8125,3.875,3.25,0.75,0.125,0.0625,0,0,0,0,0,0,0,0.0625,0.0625,0.0625,0,0,0,0.0625,0.0625,0.375,0.125,0,0,0.1875,0,0,0.125,0.125,0.0625,0.0625,0.0625,0,0,0,0,0,0,0,0,0,0,0
0,0.5,0.4375,1.3125,2.5,0.75,0.8125,1.375,1.1875,0.875,0.9375,1.0625,0.625,0.375,0.4375,0.375,0.375,0.5,0.5,0.6875,0.75,0.625,0.5625,0.4375,0.375,0.375,0.4375,0.8125,0.8125,0.875,0.75,0.375,0.375,0.3125,0.75,0.5,0.4375,0.625,0.625,0.3125,0.0625,0.0625,0.125,0.4375,2,3.75,3.8125,2,0.125,0.75,0,0,0,0,0,0,0.0625,0.375,0.0625,0.0625,0.0625,0,0,0.0625,0.0625,0,0,0,0,0,0,0,0,0,0,0,0,0,0,0.0625,0,0,0.0625,0,0,0,0,0,0
0.0625,0.3125,0.375,0.125,0.0625,0.0625,0.3125,0.125,0.125,0.25,0.375,1,0.75,0.75,0.875,0.625,0.5625,0.9375,0.5625,0.4375,0.375,0.8125,0.5625,0.5625,0.5,0.375,0.25,0.5625,0.8125,0.8125,1.0625,0.625,0.6875,0.875,1,0.75,0.5,0.5,0.5,0.1875,0.1875,0.375,1.25,2.125,4.0625,4.5625,3.25,2.25,1.0625,0,0,0,0,0,0,0.0625,0,0,0,0.0625,0.0625,0.0625,0.0625,0.0625,0,0.0625,0,0,0,0,0,0,0.125,0.1875,0,0,0,0,0,0,0,0,0,0,0,0,0,0,0
0,0.0625,0.375,0.4375,0.125,0.1875,0.125,0.25,0.3125,0.5625,0.8125,1.125,1.125,1.125,1.25,1.0625,0.9375,0.9375,0.8125,0.75,0.625,0.6875,0.625,0.25,0.375,0.25,0.5,0.375,0.3125,0.5,0.5,0.9375,0.9375,0.9375,0.8125,0.6875,0.4375,0.4375,0.375,0.3125,0.5625,1.6875,5.5,6.5625,6.0625,4.75,2.3125,0.25,0.75,0,0,0,0,0,0,0.0625,0,0,0,0,0,0,0,0,0,0,0,0,0,0,0,0,0,0,0.125,0,0,0,0,0,0,0,0.0625,0.125,0.0625,0.0625,0,0,0
0,0,0,0.125,0,0.125,0.125,0.375,0.1875,0.1875,0.125,0.125,0.0625,0.1875,0.1875,0.4375,0.625,1.0625,1.1875,1.0625,0.8125,0.5625,0.375,0.4375,0.3125,0.5,0.3125,0.0625,0.3125,0.5625,0.875,1,1.0625,1,0.6875,0.625,0.875,1,0.8125,0.75,1.6875,5.375,11.25,13.4375,8.5,3.6875,0.6875,0,0,0,0,0,0,0,0,0,0,0,0,0,0,0,0,0,0,0,0,0,0,0,0,0,0,0.875,0.1875,0.25,0.125,0.125,0.25,0.4375,0.375,0.5625,1.3125,1.875,1.3125,0.625,0.0625,0,0
0,0,0.125,0,0,0,0,0.0625,0.0625,0,0,0,0,0,0,0.0625,0.3125,0.6875,0.6875,0.625,0.5625,0.25,0.25,0.25,0.375,0.1875,0.375,1,0.1875,0.125,0.125,0.1875,0.625,0.75,0.625,0.6875,0.75,0.8125,1,2,3.75,8.9375,9,11.9375,7.5,8.5625,0,0,0,0,0,0.0625,0,0,0,0,0,0,0,0,0,0,0,0,0,0,0,0,0,0,0,0,0.0625,0.625,0.4375,0.3125,0.375,0.3125,0.3125,0.25,0.25,0.75,1.5625,1.6875,0.8125,0.5,0.625,0.375,0.125
0,0,0,0,0,0,0,0,0,0,0,0,0,0,0,0,0,0.1875,0,0.1875,0.125,0.375,0.5625,0.25,0.375,0.375,0.1875,0.375,0.0625,0,0.0625,0.3125,0,0.0625,0.125,0.5,0.3125,0.625,1.125,1.6875,3.0625,9,11.375,20.3125,16.0625,2.6875,0,0,0,0.125,0,0,0,0,0,0,0,0,0,0,0,0,0,0,0,0,0,0,0,0,0,0,0.25,0.5,0.4375,0.375,0.3125,0.25,0.1875,0.1875,0.3125,0.25,0.375,0.25,0.1875,0.375,0.1875,0.1875,0.25
0,0,0,0,0,0,0,0,0,0,0,0,0,0,0,0,0,0,0.125,0,0.125,0.0625,0,0,0.0625,0,0,0,0,0,0,0.1875,0.1875,0.0625,0.0625,0,0.0625,0.375,0.3125,1.1875,1.25,5.6875,7.5,9.75,2.8125,1.75,0,0,0,0,0.0625,0.0625,0.0625,0,0,0,0.0625,0,0,0,0,0,0,0,0,0,0,0,0,0,0,0,0,0.6875,0.375,0.3125,0.3125,0.1875,0.125,0.125,0.125,0.125,0.0625,0,0,0,0,0,0
0,0,0,0,0,0,0,0,0,0,0,0,0,0,0,0,0,0,0,0,0,0,0,0,0,0,0,0,0,0,0,0.5625,0.25,0.125,0.0625,0,0,0,0,0,0,0.25,2.3125,11.5625,1,0.9375,0.0625,0,0,0,0.0625,0.0625,0.0625,0,0,0,0.0625,0.0625,0.0625,0.0625,0.0625,0.125,0,0.0625,0.0625,0.0625,0,0,0,0,0,0,0.5625,2.125,0.1875,0.0625,0,0,0,0,0,0,0,0,0,0,0,0,0
0,0,0,0,0,0,0,0,0,0,0,0,0,0,0,0,0,0,0,0,0,0,0,0,0,0,0,0,0,0,0,0,0.0625,0,0,0,0,0,0,0,0.125,1,1.3125,2,1.0625,3.9375,8.0625,0,0,0,0,0.125,0.0625,0,0,0.0625,0.0625,0.125,0.125,0.1875,0.8125,0.5625,0.0625,0.0625,0.125,0.1875,0.0625,0.0625,0,0.875,0.1875,0.3125,0.375,0.625,0.625,1.1875,1.5,1.625,1.875,1.75,1.8125,1.875,1.6875,1.5625,1.4375,1.1875,0.75,0.3125,0.0625
0,0,0,0,0,0,0,0,0,0,0.0625,0.4375,0.875,0.125,0.0625,0,0,0,0,0,0,0,0.0625,0.0625,0,0,0,0,0,0,0,0,0,0,0,0,0,0,0,0,0,0,0.1875,0.375,0.125,0,4.75,0.0625,0,0,0,0,0,0.0625,0,0.125,0.5,0.25,0.1875,0.3125,0.5,0.625,0.0625,0.0625,0.1875,0.25,0.25,0.25,0,0.8125,1.6875,5.0625,5.875,5,5.6875,5.4375,4.6875,3.125,4.0625,3.4375,2.875,2.75,2.875,2.375,2.625,2.9375,2.5,1.5625,0.75
0,0,0,0,0,0,0,0,0,0.125,0.375,0.5625,0.4375,3.625,2.25,1.1875,1.125,0.125,0.125,0.8125,1,1.4375,0.8125,0.9375,0.5,0.0625,0,0,0,0,0,0,0,0,0,0,0,0,0,0,0.0625,0.3125,0.4375,0.5,0.0625,1.1875,3.75,0.25,0,0,0,0,0,0,0,0.1875,0.25,0.3125,0.6875,0.8125,0.4375,0.5,0.5,0.5625,1,0.25,0.25,0.3125,0.0625,0.25,3.4375,3.9375,4.75,4.625,3.75,3.375,4.625,4.1875,4.8125,4.5,3.5,3.4375,3.75,3.6875,4.3125,4.125,3.5625,2.75,1.75
0.0625,0,0,0,0.0625,0,0,0.3125,0.0625,0.25,2.5625,0.875,1,1.0625,0.625,0.0625,0.875,1.75,2.1875,3.1875,1.1875,0.25,0.0625,0,0,0,0,0,0,0,0,0,0,0,0,0,0,0,0,0,0,0,0.25,1.0625,0.0625,1.25,0,0,0.125,0,0.0625,0,0,0,0.1875,0.6875,0.3125,0.5625,0.4375,0.5625,0.75,0.5,0.125,0.1875,0.5,0.9375,1,1.0625,1,1,0.875,1.6875,3.3125,0.6875,0.5,1.8125,2.875,1.5625,0.8125,1,1,0.9375,1.4375,2.9375,3.8125,4.5,4.25,3.9375,2.8125
