atmosphereWindy/data/current-humidity-surface-level-gfs-1p00.json
{"header": {"discipline":0,"disciplineName":"Meteorologicalproducts","gribEdition":2,"gribLength":62709,"center":7,"centerName":"USNationalWeatherService-NCEP(WMC)","subcenter":0,"refTime":"2018-12-21T00:00:00.000Z","significanceOfRT":1,"significanceOfRTName":"Startofforecast","productStatus":0,"productStatusName":"Operationalproducts","productType":1,"productTypeName":"Forecastproducts","productDefinitionTemplate":0,"productDefinitionTemplateName":"Analysis/forecastathorizontallevel/layeratapointintime","parameterCategory":1,"parameterCategoryName":"Moisture","parameterNumber":1,"parameterNumberName":"Relative_humidity","parameterUnit":"percent","genProcessType":2,"genProcessTypeName":"Forecast","forecastTime":6,"surface1Type":103,"surface1TypeName":"Specifiedheightlevelaboveground","surface1Value":2,"surface2Type":255,"surface2TypeName":"Missing","surface2Value":0,"gridDefinitionTemplate":0,"gridDefinitionTemplateName":"Latitude_Longitude","numberPoints":65160,"shape":6,"shapeName":"Earthsphericalwithradiusof6,371,229.0m","gridUnits":"degrees","resolution":48,"winds":"true","scanMode":0,"nx":360,"ny":181,"basicAngle":0,"lo1":0,"la1":90,"lo2":359,"la2":-90,"dx":1,"dy":1}, "data":
[rows 0 to 54 of 181, columns 0 to 95 of 360]
100,100,100,100,100,100,100,100,100,100,100,100,100,100,100,100,100,100,100,100,100,100,100,100,100,100,100,100,100,100,100,100,100,100,100,100,100,100,100,100,100,100,100,100,100,100,100,100,100,100,100,100,100,100,100,100,100,100,100,100,100,100,100,100,100,100,100,100,100,100,100,100,100,100,100,100,100,100,100,100,100,100,100,100,100,100,100,100,100,100,100,100,100,100,100,100
100,100,100,100,100,100,100,100,100,100,100,100,100,100,100,100,100,100,100,100,100,100,100,100,100,100,100,100,100,100,100,100,100,100,100,100,100,100,100,100,100,100,100,100,100,100,100,100,100,100,100,100,100,100,100,100,100,100,100,100,100,100,100,100,100,100,100,100,100,100,100,100,100,100,100,100,100,100,100,100,100,100,100,100,100,100,100,100,100,100,100,100,100,100,100,100
100,100,100,100,100,100,100,100,100,100,100,100,100,100,100,100,100,100,100,100,100,100,100,100,100,100,100,100,99,99,99,99,99,98,98,98,98,98,98,98,98,98,98,99,99,99,99,99,99,99,99,99,99,99,99,99,99,99,99,100,100,100,100,100,100,100,100,100,100,100,100,100,100,100,100,100,100,100,100,100,100,100,100,100,100,100,100,100,100,100,100,100,100,100,100,100
99,99,99,98,97,97,97,97,97,97,97,97,98,98,98,98,98,98,98,98,98,98,97,97,97,97,97,97,97,96,97,97,97,97,97,97,97,97,97,97,97,97,97,97,97,96,96,96,96,96,97,97,98,98,97,97,97,97,97,97,97,98,98,98,98,99,99,99,99,99,99,99,99,99,99,100,100,100,100,100,100,100,100,100,100,100,100,100,100,100,100,100,100,100,99,99
98,98,98,98,98,98,98,99,99,99,99,99,99,100,100,100,99,99,98,98,98,99,99,98,98,98,98,98,98,98,98,97,97,97,97,97,97,97,97,97,97,97,97,97,98,98,98,98,98,99,99,99,99,99,99,99,99,99,99,98,99,99,99,99,99,99,99,99,99,99,98,98,99,99,99,99,99,99,99,100,100,100,100,100,100,100,100,100,100,100,100,100,100,100,100,99
98,98,98,98,97,97,97,97,97,97,97,97,97,97,97,97,96,96,96,96,95,95,95,95,95,95,95,95,95,95,95,95,95,95,95,95,95,96,96,96,96,96,97,97,98,98,98,98,98,98,99,99,99,100,100,100,100,100,100,100,100,100,100,100,100,100,100,99,99,99,99,99,99,99,99,99,99,99,99,99,99,99,99,100,100,100,100,100,100,100,100,100,100,100,99,99
98,98,98,98,98,98,98,98,97,97,97,96,96,96,96,97,97,97,97,97,97,97,97,97,96,95,94,94,93,93,92,92,93,93,93,93,94,94,94,94,95,95,95,96,96,97,97,97,97,98,98,98,99,100,100,100,100,100,100,100,100,100,100,100,100,100,100,100,100,100,100,100,100,100,100,100,100,100,100,99,98,97,96,96,95,95,95,95,95,95,95,95,95,96,96,97
98,98,98,98,97,97,97,97,96,96,97,96,96,96,96,96,96,96,96,95,95,95,95,95,95,95,95,94,94,94,94,93,93,92,92,91,91,91,91,91,90,90,89,88,87,87,87,88,89,93,95,97,97,97,97,97,97,97,99,98,100,100,100,100,100,100,100,100,100,100,100,100,100,100,99,99,99,98,97,97,96,95,95,95,95,94,94,94,94,94,94,94,94,94,93,93
100,100,100,100,100,100,99,98,97,97,97,97,98,98,98,98,97,97,96,95,95,95,95,96,96,97,97,97,97,96,95,94,93,93,92,91,90,89,88,87,88,89,90,92,94,97,98,98,98,98,98,98,98,96,94,93,92,93,94,95,96,96,98,99,100,100,100,100,100,100,100,99,99,99,99,99,99,99,99,98,98,97,96,95,95,95,95,96,96,96,97,97,97,96,96,96
100,100,100,100,100,100,100,99,99,98,98,97,97,95,92,91,91,91,93,95,96,96,95,95,94,92,92,92,93,94,95,95,95,94,93,91,90,89,87,87,88,89,90,90,93,94,95,93,94,95,95,94,93,93,93,91,94,98,95,92,94,98,95,95,98,100,100,99,99,99,99,99,99,99,99,100,100,100,100,100,99,99,98,98,98,99,99,100,100,100,100,99,100,99,97,93
100,100,99,96,93,92,92,93,94,93,91,90,89,88,87,85,85,84,82,89,97,97,90,89,92,92,91,88,89,93,93,93,92,92,92,92,91,89,86,85,85,87,88,90,94,97,97,97,97,97,97,97,97,96,96,94,96,94,94,94,94,94,93,93,93,94,94,95,95,94,95,98,100,99,100,100,100,100,98,96,95,95,96,98,100,100,100,100,100,100,100,100,100,99,97,96
94,94,94,93,88,84,80,77,75,74,76,84,93,98,98,98,95,98,93,78,77,78,81,82,82,82,82,83,84,88,91,92,92,92,91,91,90,88,84,82,82,85,86,86,86,93,95,95,96,97,97,96,96,94,93,93,93,94,93,93,92,90,89,88,87,86,86,85,84,83,84,86,91,97,100,100,97,94,97,97,97,97,97,97,98,98,99,99,100,99,99,99,100,99,100,99
84,81,77,74,73,74,75,73,71,69,68,68,69,75,84,93,95,94,86,80,81,86,91,83,80,80,80,80,80,82,83,86,89,91,91,90,87,85,82,79,76,76,78,79,76,73,73,77,83,89,92,92,92,93,93,91,90,90,89,86,86,85,84,83,81,81,83,87,92,94,91,88,91,97,100,100,100,100,99,98,97,97,96,96,96,97,97,98,98,98,98,98,97,97,97,94
78,72,70,69,69,68,67,66,65,65,64,64,68,73,76,79,85,83,79,80,81,82,84,85,85,87,87,88,88,89,89,88,88,88,90,91,92,91,86,82,77,74,72,72,73,74,73,71,71,73,78,82,82,79,75,71,70,70,69,71,78,85,87,87,89,92,86,82,88,99,100,100,100,100,100,100,100,100,100,99,95,94,94,93,94,94,96,98,98,98,96,94,92,91,90,90
76,76,75,76,74,67,66,68,70,70,70,68,64,61,61,70,72,76,79,81,83,83,84,84,83,82,82,84,85,85,86,87,87,87,88,89,89,91,92,91,87,81,76,74,73,72,71,72,73,73,73,75,77,77,75,72,69,71,76,80,78,76,91,95,98,99,99,98,100,100,100,100,100,100,100,100,100,100,98,94,94,94,94,92,90,89,89,90,91,92,92,92,89,83,82,87
84,83,83,82,82,80,76,75,74,73,71,69,66,64,64,66,68,75,78,81,82,83,83,83,84,82,76,72,77,78,77,77,79,80,81,82,82,82,83,85,87,86,85,83,79,77,75,74,73,72,72,72,72,71,69,70,76,91,99,95,98,94,94,96,97,98,97,97,98,100,100,100,100,100,100,100,97,96,96,96,95,100,93,92,92,91,90,89,90,92,88,86,83,81,87,90
89,89,88,88,86,84,82,79,78,76,75,75,76,75,73,72,71,70,72,73,70,67,68,70,71,70,67,66,66,66,64,64,67,72,76,71,70,75,83,85,86,88,90,89,85,82,81,80,78,76,74,73,70,68,69,86,97,98,93,98,91,92,96,99,100,98,94,94,94,98,100,100,100,100,100,100,100,97,100,100,97,95,100,99,97,100,100,90,89,93,94,94,88,90,89,87
95,95,94,93,90,88,85,83,82,82,81,80,79,77,75,75,78,79,76,73,69,64,66,69,69,68,69,72,73,75,75,76,76,76,75,74,73,71,70,70,71,72,75,78,82,84,84,82,81,81,83,81,79,81,96,98,96,94,90,88,87,89,96,100,100,98,96,92,90,95,95,96,100,100,99,99,100,100,100,98,94,88,97,100,100,97,98,97,95,97,96,94,95,96,97,94
92,90,88,90,90,89,90,91,87,82,80,80,79,79,78,76,76,77,72,69,73,71,63,59,62,69,73,74,74,74,73,70,66,65,67,69,71,72,71,71,72,73,73,73,77,77,79,83,87,89,86,84,92,98,95,90,89,92,92,88,87,90,93,97,100,100,100,99,94,87,90,94,98,100,100,98,100,98,100,100,100,100,100,97,98,99,99,99,99,99,99,100,100,100,100,100
82,84,85,88,89,90,90,92,91,86,82,79,79,78,75,71,69,70,68,62,61,65,67,70,75,79,79,74,81,75,76,74,74,73,72,72,73,73,74,74,73,73,73,74,76,79,80,81,81,82,84,86,87,88,94,96,95,88,88,89,89,88,85,85,93,100,100,92,94,92,92,94,96,100,97,97,99,99,99,99,99,99,99,99,97,99,99,99,99,99,99,99,100,100,100,100
92,96,95,93,94,94,93,92,92,91,86,81,78,78,76,71,66,65,64,69,60,61,69,74,93,88,98,87,86,87,81,82,83,84,84,83,82,81,81,80,78,78,79,79,78,78,79,80,81,83,84,83,80,80,83,85,90,88,86,92,92,90,89,86,87,98,99,91,94,94,94,92,93,100,90,94,97,97,98,97,97,97,97,96,96,96,96,98,90,80,84,84,96,100,100,100
88,88,90,90,90,90,89,88,87,87,84,80,78,78,74,68,66,62,78,83,98,97,92,90,91,91,90,86,86,86,91,94,94,92,93,92,90,86,85,83,82,80,79,82,85,84,81,80,81,88,86,83,84,85,88,89,89,88,90,95,97,95,95,96,95,97,96,96,96,94,94,94,96,100,99,100,99,99,93,98,97,97,99,98,94,94,91,83,85,72,81,76,87,100,94,97
86,85,84,85,84,83,80,80,82,81,78,75,71,70,67,60,69,93,97,97,91,91,92,89,90,91,91,90,91,93,94,95,98,91,93,89,92,93,93,92,89,84,81,80,82,91,95,86,84,84,88,91,90,90,91,92,93,92,93,92,90,94,95,95,95,97,98,91,96,97,96,93,95,98,100,97,96,98,94,93,97,97,99,99,99,99,99,95,79,73,80,86,86,89,97,95
84,84,83,81,78,74,73,78,79,77,74,69,64,60,72,83,93,98,95,97,95,93,93,94,94,94,93,92,93,95,98,97,94,96,95,99,98,98,99,100,99,93,83,81,83,91,93,94,97,98,92,91,91,93,95,94,94,93,93,93,92,91,92,92,93,96,94,84,89,95,97,96,97,99,96,95,94,94,94,97,95,95,98,98,99,98,98,98,94,92,92,93,85,88,99,98
82,79,76,73,72,72,74,75,74,74,73,67,63,80,93,99,97,94,91,96,95,97,96,93,94,97,97,97,95,94,94,93,96,97,97,87,81,79,83,83,81,88,94,92,90,93,95,94,94,98,96,95,95,97,95,94,95,93,94,93,90,91,91,95,76,78,79,80,83,85,84,85,89,93,98,98,92,95,96,96,95,94,96,96,98,98,98,98,93,95,100,100,100,100,100,100
78,77,74,71,69,71,73,73,72,69,70,70,74,92,95,97,91,91,94,97,98,92,76,79,82,89,93,93,94,97,97,97,97,96,96,88,87,92,93,92,96,98,98,95,97,98,98,98,98,98,96,94,93,94,95,95,93,93,95,97,98,84,76,83,82,82,82,83,86,88,91,89,89,88,89,90,89,90,94,98,98,94,97,94,95,98,98,97,93,99,100,100,100,100,98,100
76,72,69,70,69,67,68,65,66,69,66,73,79,91,87,94,96,97,95,96,93,80,83,84,88,90,91,96,97,96,97,96,95,91,93,95,93,91,96,99,98,98,99,98,98,99,99,97,99,98,98,97,98,94,96,96,94,95,97,93,82,75,80,83,82,84,88,88,85,86,88,88,88,88,92,90,90,91,91,93,95,95,98,96,97,96,98,97,95,98,99,99,99,99,95,96
78,74,70,66,66,65,61,63,69,77,77,82,92,97,94,94,95,95,84,77,82,88,92,91,92,96,93,93,93,96,94,97,97,98,99,99,96,97,97,98,98,97,98,99,99,98,98,98,98,99,99,98,98,98,97,97,95,95,97,94,80,80,79,81,81,86,89,90,90,89,89,89,89,90,90,90,90,90,91,92,92,91,90,95,96,97,97,96,96,97,98,98,98,98,95,95
79,74,69,62,58,67,80,75,94,97,97,94,95,98,92,95,93,87,75,75,79,84,94,91,90,90,92,93,92,93,90,93,98,95,95,81,97,97,98,97,99,97,99,97,97,98,99,99,99,98,98,99,98,98,98,98,98,97,94,94,78,84,86,82,84,85,86,86,88,91,91,91,90,90,91,92,91,89,88,88,89,90,90,94,96,97,96,97,97,96,98,98,98,99,98,98
83,80,74,66,59,57,79,87,97,96,99,97,95,95,93,89,91,80,76,75,76,78,87,91,92,94,95,94,95,96,92,87,93,96,95,95,95,98,99,97,98,98,98,98,99,98,99,98,98,98,97,97,96,95,96,95,94,92,91,98,82,85,87,89,90,88,88,87,88,89,89,88,88,88,87,86,86,87,85,84,84,86,89,91,94,96,96,96,96,97,97,96,93,91,92,97
83,87,84,75,66,60,67,95,97,98,95,92,91,89,89,90,89,88,84,77,78,78,78,78,78,80,82,85,89,93,94,95,95,97,96,98,99,98,98,98,98,98,99,97,98,98,97,97,98,93,94,94,96,95,96,94,97,94,95,89,83,88,91,89,90,91,92,92,90,90,87,87,87,86,86,85,85,85,85,86,87,88,88,90,93,94,95,96,95,96,95,97,98,98,94,90
83,84,88,90,81,69,67,94,98,96,88,83,89,87,85,88,85,83,78,71,74,78,83,85,85,87,91,90,86,87,92,90,90,93,97,98,98,98,98,98,98,98,98,98,98,98,98,97,97,97,98,97,96,94,95,96,93,95,98,94,83,86,88,89,89,92,92,91,90,89,89,87,87,87,86,87,86,86,86,86,86,88,90,90,91,93,94,94,94,96,94,93,94,95,97,87
84,85,86,89,89,91,91,91,93,89,89,88,87,87,88,91,94,77,74,72,74,81,83,82,82,85,87,91,90,91,91,92,90,92,96,97,98,98,99,96,99,98,98,98,97,98,96,95,95,96,98,98,98,97,97,96,91,93,95,97,87,86,85,86,86,85,88,89,90,89,88,87,86,83,82,83,83,84,86,86,87,88,88,89,92,93,94,93,92,93,93,90,89,89,88,91
86,86,88,90,90,91,91,91,92,93,92,91,88,91,92,92,92,83,83,81,82,85,86,91,83,85,92,91,91,84,88,85,90,92,95,97,95,98,97,98,98,98,97,97,96,96,94,96,96,96,97,94,96,96,96,96,95,98,96,93,90,87,87,91,88,88,90,90,89,90,88,88,86,82,82,80,79,80,82,85,87,88,90,91,93,95,92,93,91,93,93,89,90,86,93,83
85,87,87,89,91,91,91,90,93,95,95,94,95,95,95,90,90,84,82,83,89,92,95,95,95,94,91,91,92,89,88,88,90,91,95,95,97,98,98,98,97,97,97,96,96,96,95,96,95,96,96,97,97,95,96,96,95,95,93,96,92,90,91,92,94,94,91,91,86,83,81,79,79,79,81,82,81,82,84,87,90,92,91,89,92,93,93,91,87,85,87,86,90,79,80,81
88,88,88,89,90,91,91,91,92,97,92,94,96,94,92,96,92,92,89,88,90,92,97,97,96,95,92,94,90,93,90,94,94,93,94,95,97,96,97,97,97,96,96,96,95,96,94,90,95,93,96,97,96,95,97,94,95,90,93,90,79,89,93,94,93,89,84,84,83,81,82,82,83,84,84,84,85,86,88,92,93,94,93,94,94,91,93,94,98,82,78,80,80,89,77,66
93,92,91,91,91,90,90,90,89,90,93,93,96,94,93,96,97,99,98,96,95,95,96,96,94,97,94,95,94,90,95,95,94,94,94,96,96,96,97,97,96,95,94,96,94,94,92,93,94,90,96,95,97,98,98,93,93,88,90,88,90,92,92,88,86,88,84,83,80,78,79,81,82,84,86,88,89,90,91,94,95,93,97,94,94,97,96,90,93,98,77,75,75,77,88,89
97,94,95,96,93,96,95,92,90,87,85,91,95,96,96,96,98,97,96,96,97,97,97,97,97,96,95,95,94,92,94,94,96,96,95,96,96,96,96,96,94,96,95,95,96,96,96,95,98,95,95,91,94,97,96,98,91,86,88,95,96,91,88,88,88,84,83,80,78,75,77,75,79,77,84,85,87,90,92,92,93,93,95,94,92,95,93,92,95,95,74,76,70,74,87,81
93,93,92,92,90,95,95,92,88,84,85,84,87,88,89,86,88,90,92,93,92,92,94,95,95,93,93,93,90,91,94,93,95,96,96,96,96,96,96,97,96,96,96,96,97,96,97,98,95,94,93,97,98,98,98,97,93,94,99,98,90,88,88,87,90,81,80,80,82,81,83,83,82,82,79,79,81,83,86,87,94,95,92,86,78,76,73,73,86,80,81,91,70,69,73,81
90,90,91,89,89,86,84,86,94,90,87,82,82,82,88,90,86,86,91,86,88,89,91,90,89,91,91,89,93,93,92,95,96,96,96,95,96,97,97,95,95,96,95,96,94,95,96,95,94,93,93,94,94,94,96,96,95,94,95,92,90,91,90,89,85,80,79,82,81,81,79,82,82,82,82,79,77,81,81,82,86,92,90,92,80,79,81,89,91,97,57,61,68,73,71,69
88,88,88,88,92,92,94,85,83,82,88,89,95,95,89,88,88,96,83,86,86,88,86,84,86,86,87,91,94,94,95,96,96,97,96,95,96,96,94,96,96,94,96,96,94,97,94,91,91,90,89,90,93,94,95,96,93,94,95,93,94,94,91,86,81,80,76,76,79,77,78,78,78,80,80,81,81,83,78,80,87,94,94,85,74,81,78,68,76,79,47,54,64,78,82,94
89,87,82,85,88,89,85,84,78,75,79,84,81,92,85,85,95,96,96,98,96,97,94,97,79,85,88,92,97,96,95,97,95,95,96,95,93,93,89,89,86,85,94,95,96,95,94,92,91,87,87,85,91,94,92,93,95,91,92,98,95,95,88,85,79,78,80,74,82,79,77,73,74,73,72,74,78,79,79,79,90,85,85,74,87,84,87,75,79,60,36,31,37,67,56,51
90,89,84,85,89,88,89,89,80,82,71,71,77,75,72,78,79,98,94,98,98,94,94,87,89,89,79,90,93,96,96,96,97,97,96,93,93,91,91,89,93,83,86,90,94,95,92,91,90,86,83,86,90,90,92,94,95,93,93,96,96,94,85,82,78,77,76,87,86,86,76,75,68,72,75,77,78,75,79,70,83,78,79,89,93,90,91,83,73,68,92,81,40,54,59,79
87,87,85,87,94,81,65,70,63,66,72,72,71,85,86,88,91,94,89,92,91,92,85,83,84,93,86,88,94,90,97,93,91,93,90,91,90,90,88,87,89,85,89,93,95,91,90,89,86,85,89,91,89,88,86,90,93,93,94,95,95,89,83,80,76,76,80,88,85,81,77,81,76,78,71,69,66,67,61,67,73,74,61,56,71,63,69,54,75,96,89,75,57,73,67,70
88,91,79,75,80,76,74,70,57,83,74,66,70,82,98,94,96,94,93,90,90,89,88,86,85,86,95,88,97,83,90,87,85,88,89,87,88,89,88,90,89,90,90,88,89,86,85,78,76,86,85,87,91,83,81,84,79,82,83,88,90,91,88,87,86,86,84,88,87,85,84,84,88,88,87,71,65,67,68,55,75,87,79,88,93,86,45,74,75,76,90,97,84,98,70,61
78,82,93,90,91,84,77,61,98,89,91,95,91,76,85,96,93,96,93,94,92,83,76,78,84,84,86,95,88,63,82,81,79,85,92,97,90,87,91,91,89,84,95,96,94,86,81,80,80,78,81,83,78,84,82,79,81,83,89,84,86,92,88,88,84,81,88,86,80,76,66,57,60,73,78,69,66,64,72,73,74,72,69,85,93,70,83,65,72,65,60,49,54,45,60,76
73,67,91,93,90,80,75,47,91,78,79,96,92,79,71,69,93,99,93,97,91,87,78,99,94,96,95,90,83,70,77,80,76,78,80,84,82,86,86,81,97,74,51,85,97,95,90,84,79,70,66,53,55,62,83,84,84,81,85,84,82,81,78,83,86,78,63,40,70,64,55,58,59,58,72,93,85,72,56,65,76,67,83,96,98,97,92,95,70,85,91,93,95,59,28,35
65,64,50,66,71,69,69,67,66,73,72,95,85,84,77,69,76,80,94,98,92,95,79,77,76,72,78,76,60,77,73,78,78,74,74,78,78,82,85,88,82,59,68,61,57,68,77,94,83,77,71,67,51,48,53,58,60,57,54,51,50,52,58,75,75,45,45,42,41,45,86,74,51,85,85,66,49,86,88,77,77,72,73,95,88,79,91,73,33,23,34,36,23,37,39,75
85,89,80,69,71,65,69,71,70,97,63,66,72,76,89,82,80,74,66,79,96,78,69,64,64,76,75,78,77,72,76,79,78,71,72,83,77,77,82,87,89,83,86,74,63,70,68,93,96,73,71,68,66,52,56,59,60,59,53,50,47,48,47,42,43,45,45,51,56,47,59,18,70,35,97,65,84,57,74,33,56,68,32,27,21,25,63,47,63,29,34,46,31,31,37,52
75,66,63,61,58,63,70,72,73,90,75,61,70,81,89,96,90,80,66,72,67,84,76,91,83,82,81,95,87,80,90,84,75,82,82,92,94,95,88,84,71,89,94,97,88,72,65,71,80,93,71,72,73,51,42,45,45,49,52,53,54,54,51,46,50,55,72,86,76,45,48,30,31,29,78,75,84,48,37,32,32,28,24,25,27,32,36,56,55,54,33,38,35,31,32,45
56,60,63,73,71,63,66,64,63,93,63,70,72,70,70,75,98,71,66,72,87,98,65,77,73,68,80,88,93,77,80,83,83,85,87,87,94,99,98,98,94,88,71,96,49,91,86,82,84,78,80,80,78,64,60,52,53,47,47,51,64,65,64,74,69,39,39,52,66,52,41,33,34,57,47,36,19,33,31,29,26,24,25,25,23,27,35,38,37,33,30,41,38,40,57,67
60,60,56,61,54,62,58,55,67,77,69,61,65,70,66,66,78,76,61,69,76,79,78,90,65,74,75,84,78,74,82,84,81,87,88,92,83,98,95,71,73,81,73,68,77,83,78,89,99,87,82,83,83,73,60,57,62,52,47,50,51,52,51,47,48,47,39,19,71,73,42,65,80,76,67,54,29,25,28,29,29,23,20,18,24,25,29,28,28,58,86,77,73,55,35,66
58,55,58,59,63,64,61,61,62,58,67,68,83,91,88,99,84,65,64,64,73,74,92,90,87,73,76,73,85,73,77,83,92,86,88,93,90,84,83,73,76,71,61,91,88,87,72,85,85,87,84,81,76,77,64,54,52,54,61,63,50,49,47,49,51,43,38,29,31,31,19,54,50,65,51,26,11,21,19,19,26,26,22,14,16,33,32,70,79,59,31,41,31,44,41,56
55,60,63,69,78,72,74,79,78,86,88,81,77,74,73,80,66,64,69,66,70,60,69,85,61,69,77,69,59,57,51,64,86,91,74,59,78,81,75,77,73,69,75,83,76,94,79,91,70,84,86,94,81,83,75,61,57,37,68,46,59,61,63,59,57,50,45,50,51,42,12,18,45,58,62,58,14,16,18,34,27,28,22,20,23,60,78,50,30,25,53,65,66,49,45,37
69,93,96,97,95,97,98,94,94,98,85,74,78,78,76,79,75,70,68,61,67,54,61,63,62,66,72,74,66,61,55,53,49,53,53,57,89,82,77,75,73,78,77,84,80,79,99,92,75,90,82,60,93,72,54,53,57,38,40,27,43,51,58,57,58,31,20,14,19,8,57,36,40,51,34,58,74,80,38,44,22,36,28,37,62,68,41,53,31,68,92,56,60,65,86,85
