atmosphereWindy/data/current-humidity-surface-level-gfs-1p00.json
{"header": {"discipline":0,"disciplineName":"Meteorologicalproducts","gribEdition":2,"gribLength":62709,"center":7,"centerName":"USNationalWeatherService-NCEP(WMC)","subcenter":0,"refTime":"2018-12-21T00:00:00.000Z","significanceOfRT":1,"significanceOfRTName":"Startofforecast","productStatus":0,"productStatusName":"Operationalproducts","productType":1,"productTypeName":"Forecastproducts","productDefinitionTemplate":0,"productDefinitionTemplateName":"Analysis/forecastathorizontallevel/layeratapointintime","parameterCategory":1,"parameterCategoryName":"Moisture","parameterNumber":1,"parameterNumberName":"Relative_humidity","parameterUnit":"percent","genProcessType":2,"genProcessTypeName":"Forecast","forecastTime":6,"surface1Type":103,"surface1TypeName":"Specifiedheightlevelaboveground","surface1Value":2,"surface2Type":255,"surface2TypeName":"Missing","surface2Value":0,"gridDefinitionTemplate":0,"gridDefinitionTemplateName":"Latitude_Longitude","numberPoints":65160,"shape":6,"shapeName":"Earthsphericalwithradiusof6,371,229.0m","gridUnits":"degrees","resolution":48,"winds":"true","scanMode":0,"nx":360,"ny":181,"basicAngle":0,"lo1":0,"la1":90,"lo2":359,"la2":-90,"dx":1,"dy":1}, "data":
[rows 0 to 54 of 181, columns 96 to 191 of 360]
100,100,100,100,100,100,100,100,100,100,100,100,100,100,100,100,100,100,100,100,100,100,100,100,100,100,100,100,100,100,100,100,100,100,100,100,100,100,100,100,100,100,100,100,100,100,100,100,100,100,100,100,100,100,100,100,100,100,100,100,100,100,100,100,100,100,100,100,100,100,100,100,100,100,100,100,100,100,100,100,100,100,100,100,100,100,100,100,100,100,100,100,100,100,100,100
100,100,100,100,100,100,100,100,100,100,100,100,100,100,100,100,100,100,100,100,99,99,99,99,99,99,99,99,99,100,100,100,100,100,100,100,99,99,99,98,98,98,98,98,98,98,98,98,98,98,98,98,98,97,97,97,96,96,96,96,97,97,97,97,96,96,96,96,96,96,97,97,96,96,96,96,96,96,96,96,96,96,96,97,97,97,97,96,96,96,96,96,96,96,96,96
100,100,100,100,100,100,100,100,100,100,100,100,100,100,100,100,100,100,100,100,100,100,100,100,100,100,100,100,100,100,100,100,100,99,98,97,97,97,97,97,97,97,97,98,98,99,99,99,99,99,99,99,99,99,99,100,100,100,100,100,99,99,99,99,99,99,98,98,98,98,98,98,98,98,98,98,98,98,98,98,98,98,98,97,97,97,97,97,96,96,96,96,96,96,96,95
99,99,99,99,99,99,99,99,99,99,99,99,99,99,99,98,98,98,98,98,98,98,98,98,97,97,97,97,97,97,96,96,97,97,97,98,98,98,97,97,97,97,97,97,96,96,96,96,96,97,97,98,98,98,98,98,98,97,98,98,99,99,99,99,99,99,98,98,98,99,99,99,99,98,98,98,98,99,99,99,99,98,98,98,98,98,97,97,97,97,97,97,97,97,97,97
99,99,99,99,99,99,98,98,98,97,97,97,97,97,97,97,97,96,96,96,96,95,95,95,95,95,95,96,96,96,96,96,95,95,95,95,95,95,95,95,96,96,96,96,97,97,97,97,98,98,98,98,99,99,98,98,99,99,99,99,99,100,99,99,99,100,100,100,99,99,98,99,99,99,99,99,99,100,100,100,99,99,99,99,99,99,99,99,99,99,99,99,99,99,99,99
99,98,98,97,97,97,97,97,97,97,97,96,96,96,97,95,95,95,95,95,95,96,95,96,98,98,97,97,97,96,97,96,95,96,96,96,96,96,97,97,96,97,97,97,97,98,98,98,98,98,98,98,98,98,98,99,99,99,99,99,99,99,99,99,100,100,100,100,100,99,100,100,100,100,100,99,99,100,100,100,100,100,100,100,100,100,100,99,99,100,100,100,99,98,98,98
97,97,97,97,96,96,96,96,96,95,95,95,95,94,95,96,96,96,96,95,94,95,95,95,94,94,95,95,96,97,96,96,97,97,97,96,97,97,97,97,97,98,98,98,98,98,98,98,99,99,99,99,99,99,99,99,99,99,99,99,99,99,99,99,100,100,100,100,100,100,99,100,100,100,100,100,99,100,100,100,100,100,100,100,99,100,100,99,99,100,100,100,100,99,99,98
94,94,95,95,97,96,97,95,95,95,95,94,94,94,94,94,95,94,94,94,93,93,93,93,93,94,94,94,95,96,96,96,96,96,96,97,97,97,97,97,97,97,98,98,98,98,99,99,99,99,99,98,98,98,98,98,98,99,99,99,99,99,99,99,99,99,99,99,99,99,99,100,99,99,100,99,99,100,99,100,100,100,100,100,100,100,100,100,100,100,98,98,98,98,98,98
96,95,95,95,95,95,94,95,95,94,95,95,94,94,94,93,93,93,93,93,93,93,93,93,93,94,94,95,96,96,96,96,96,96,97,97,97,97,97,97,97,97,98,98,98,98,98,98,98,98,98,98,97,97,97,97,97,97,97,98,98,98,98,98,98,98,97,97,97,96,96,96,96,97,97,97,98,100,100,100,99,100,100,100,99,99,98,98,98,98,98,99,99,99,99,98
91,91,94,96,96,95,94,93,93,93,94,94,93,93,93,93,93,92,92,92,92,92,92,92,93,94,94,95,96,96,96,96,96,96,97,98,97,97,97,97,98,97,97,97,97,97,97,97,97,97,97,97,97,97,97,97,97,97,97,97,97,97,97,97,97,97,97,97,98,97,97,99,97,98,99,99,98,99,99,100,98,99,100,99,98,98,98,98,98,98,98,98,98,98,98,98
95,100,90,84,85,88,92,94,94,93,93,92,93,93,93,93,93,93,92,92,92,92,91,91,92,92,93,94,96,96,97,97,97,97,97,98,97,97,97,98,97,97,96,96,96,96,96,96,96,96,96,97,96,96,96,96,96,96,95,95,95,95,95,95,94,94,94,94,94,95,94,95,95,95,95,96,96,95,95,96,97,97,98,98,97,96,97,96,96,97,97,97,97,97,97,97
91,85,84,99,89,89,99,90,93,87,91,93,93,93,93,93,93,93,93,92,92,92,92,91,91,91,91,92,93,94,95,96,96,96,96,98,96,96,96,96,96,96,96,96,96,95,95,96,97,96,96,96,96,96,96,96,96,96,96,96,97,97,97,96,96,96,96,96,96,96,96,96,96,96,96,96,96,96,96,96,96,96,96,96,97,96,96,96,97,97,97,97,97,97,97,97
94,95,98,98,98,97,95,92,91,91,91,90,91,92,92,93,93,93,93,93,93,92,93,93,92,91,91,91,92,93,94,95,96,96,97,97,97,97,97,96,96,96,96,96,96,96,97,97,97,97,97,97,98,98,98,98,98,98,98,97,97,97,97,97,100,97,97,96,96,97,98,97,97,97,97,97,97,97,97,97,97,97,97,97,97,97,97,97,97,97,97,97,97,97,97,96
90,91,90,92,96,96,99,99,95,94,95,95,95,93,92,92,92,93,93,93,93,93,93,93,93,93,94,95,95,96,96,96,96,96,96,96,97,97,97,97,97,97,97,97,97,97,97,97,97,97,97,97,97,97,97,98,97,97,97,97,97,98,97,97,97,97,97,97,97,97,96,96,96,96,96,97,96,97,97,97,97,97,97,98,97,97,97,97,97,96,96,97,96,96,96,96
83,86,93,93,92,94,97,98,99,100,100,100,99,100,99,94,93,94,95,93,94,94,95,96,96,97,97,96,96,96,96,96,96,96,96,96,96,96,97,97,97,97,99,100,95,98,98,97,96,96,96,96,96,95,95,95,95,96,96,96,96,96,96,96,95,95,95,95,95,95,95,94,94,94,94,94,94,94,94,94,95,96,97,97,97,97,97,97,97,97,97,97,97,96,96,96
92,94,98,97,93,93,93,96,96,95,90,87,85,84,82,85,86,90,92,94,95,96,97,97,97,97,97,97,97,97,97,96,96,96,96,96,96,96,96,96,96,99,100,100,97,100,100,100,98,97,98,98,98,98,97,95,95,95,95,95,95,94,94,93,93,94,93,94,93,92,92,92,93,94,93,92,92,92,92,92,94,94,93,95,97,94,95,95,95,95,95,96,96,95,95,95
87,79,82,88,93,95,96,96,93,91,88,90,93,98,99,94,95,95,96,96,96,96,96,97,98,98,99,98,98,97,95,94,94,95,94,94,96,95,97,97,96,94,93,93,98,99,99,96,92,94,96,96,96,95,95,95,95,95,95,94,93,92,91,90,91,91,91,91,92,92,92,92,92,92,92,92,91,91,92,90,90,89,90,90,90,91,91,91,91,92,92,93,93,93,94,94
95,97,96,96,95,95,94,96,96,97,96,97,98,97,97,97,97,98,98,98,98,99,100,97,90,91,88,84,86,83,81,80,79,78,81,81,84,85,87,85,86,89,92,91,90,90,91,89,88,88,90,93,95,95,95,95,95,94,91,90,90,89,89,88,88,89,89,90,91,91,90,90,90,91,91,91,90,90,90,89,89,88,87,87,87,88,88,89,89,89,90,90,89,90,90,91
99,99,99,99,99,99,100,99,99,100,98,98,98,98,99,98,99,100,99,98,96,94,95,97,97,98,98,97,96,99,95,90,96,90,91,86,82,82,84,84,83,80,80,89,93,93,88,85,85,86,85,90,95,95,94,95,94,92,90,89,89,88,88,87,86,87,87,87,88,88,88,87,88,89,91,92,91,91,90,89,88,87,86,87,87,87,87,87,87,88,88,89,89,89,89,90
100,100,100,99,99,98,99,99,98,98,99,99,99,99,99,99,98,98,98,100,100,100,98,94,93,94,99,99,100,99,99,99,99,91,78,69,72,73,72,70,71,74,78,80,82,85,85,84,83,82,83,85,91,95,95,96,94,91,88,88,88,87,85,84,88,88,85,85,83,85,83,82,81,82,83,86,88,90,90,89,88,89,88,86,75,76,84,89,89,89,90,90,90,90,90,90
97,100,100,99,95,94,98,96,99,97,100,99,98,100,99,96,97,99,99,100,99,97,97,97,98,97,99,98,98,98,96,95,93,88,73,68,68,65,69,76,72,69,68,70,70,65,62,63,68,74,79,86,99,99,95,92,92,90,86,86,85,84,82,80,82,79,80,75,71,73,78,79,76,75,68,59,56,69,73,76,82,87,90,89,87,86,88,89,90,89,89,88,89,89,89,89
99,97,100,95,96,96,96,98,94,96,95,95,96,98,96,97,97,97,98,99,98,98,98,98,97,96,97,98,97,95,96,100,100,90,70,62,59,65,76,72,70,83,92,82,76,60,64,69,74,76,83,90,95,98,96,96,95,92,90,91,90,89,85,79,77,73,61,62,52,45,43,49,59,68,74,65,50,54,61,54,59,56,63,64,72,88,90,90,92,90,88,88,88,88,88,88
95,95,97,92,96,93,94,98,100,99,100,100,99,96,97,100,99,100,100,100,100,95,97,98,98,94,95,94,98,98,94,99,97,89,77,79,80,78,74,92,95,95,82,87,68,50,62,70,71,78,84,95,100,99,99,95,94,95,94,96,93,88,86,76,69,74,69,63,66,54,56,63,66,61,55,64,66,63,53,56,51,51,61,68,69,72,81,93,95,93,90,89,89,89,89,88
91,100,91,96,95,97,99,99,100,100,100,99,99,97,100,100,100,100,100,100,99,100,100,99,100,99,98,96,98,98,96,91,96,89,80,88,84,81,88,90,86,87,80,88,82,62,56,73,78,74,83,89,98,99,98,95,96,98,99,93,90,85,83,80,75,77,76,67,66,59,60,69,76,76,71,67,70,69,60,59,61,60,63,66,71,78,90,89,98,94,96,93,93,91,90,90
100,100,94,98,96,94,100,98,97,99,99,100,100,100,100,100,100,100,100,99,98,99,99,99,98,99,98,99,96,96,95,98,99,100,81,77,82,80,89,87,99,84,95,83,96,89,65,60,67,73,84,77,79,86,97,100,97,85,82,77,80,89,85,79,77,71,78,88,81,69,75,76,87,81,85,82,77,78,66,67,67,69,74,74,77,75,78,89,93,95,98,98,97,98,91,89
99,100,99,93,98,98,96,100,99,94,98,96,99,96,100,100,100,100,95,94,93,96,98,98,98,98,99,97,97,94,97,94,91,100,100,91,85,78,79,82,88,96,93,98,96,89,74,66,95,90,96,66,87,69,83,86,81,82,88,84,76,77,75,78,91,78,71,79,84,81,81,72,83,83,81,86,92,96,82,79,76,75,69,63,77,85,87,91,89,93,95,98,90,99,91,88
97,99,98,99,95,97,94,90,99,98,95,95,99,97,98,98,98,94,92,90,87,87,92,96,98,98,98,98,97,96,95,92,94,93,92,92,87,86,98,100,94,94,89,79,71,41,65,74,100,90,99,100,76,79,86,74,76,90,90,90,69,71,87,93,100,92,99,94,100,100,87,78,81,99,97,98,90,88,99,96,96,86,83,89,91,98,98,100,100,100,88,85,91,95,91,88
96,98,96,93,96,98,97,97,92,91,91,89,91,93,93,91,98,94,93,87,89,87,89,91,90,93,95,95,96,98,98,98,97,98,96,97,97,98,97,95,92,80,75,79,77,40,76,96,82,100,76,88,89,89,87,86,82,92,84,90,79,89,93,99,91,85,81,80,87,93,83,88,97,95,92,100,100,100,99,83,84,88,96,81,100,85,81,80,82,84,90,91,100,99,89,96
97,92,93,93,93,94,94,93,93,90,91,89,86,88,89,88,91,87,84,84,81,81,86,90,90,91,90,91,94,97,99,99,100,99,97,98,98,98,97,97,94,84,89,64,74,25,51,100,96,96,99,87,87,86,83,98,100,100,97,92,79,85,78,72,80,78,78,85,84,88,98,93,88,78,85,100,100,97,85,84,79,89,80,94,96,75,72,71,72,74,78,83,86,94,97,86
91,87,90,88,90,88,90,90,90,87,87,85,85,86,87,89,88,87,89,87,89,86,89,90,89,92,95,94,97,98,95,96,98,100,100,100,98,99,97,97,97,99,80,77,77,40,43,83,78,80,84,94,99,93,100,100,100,100,100,91,78,78,82,84,78,88,86,89,92,96,93,81,79,80,92,82,82,87,91,87,81,80,82,80,71,72,75,74,76,77,78,80,83,83,80,75
88,87,84,87,86,87,89,87,88,88,86,83,86,85,84,85,74,86,85,91,93,86,93,92,89,90,95,94,96,96,98,98,96,96,95,97,99,99,97,97,95,99,97,96,76,66,57,71,68,76,77,82,74,72,75,79,81,80,83,78,84,87,89,94,98,92,96,97,87,86,83,80,78,78,83,87,84,76,74,73,72,73,74,77,78,78,79,78,78,77,77,75,74,71,70,71
89,88,88,83,85,81,83,85,88,90,87,83,83,83,88,84,86,91,95,98,80,75,74,75,83,89,91,97,94,97,94,95,95,94,94,92,90,93,95,93,96,99,97,100,100,80,66,59,71,63,66,71,70,69,69,70,84,79,83,83,86,85,80,74,77,88,98,88,82,77,75,72,71,71,69,70,71,72,72,73,73,74,74,74,75,76,77,78,78,76,74,73,72,71,75,77
87,86,84,82,83,86,84,84,85,86,87,86,86,87,86,82,89,87,89,93,98,91,75,85,75,83,90,93,96,95,93,92,89,94,100,89,87,85,91,93,94,100,99,98,84,74,64,75,78,75,80,77,80,79,73,76,81,83,85,81,76,71,71,78,73,95,87,82,79,77,77,76,75,74,72,71,70,71,71,72,75,79,80,82,82,84,86,87,87,88,86,84,82,82,83,81
85,85,86,82,85,81,84,80,81,83,85,85,84,98,92,93,86,87,91,86,88,97,89,83,90,89,93,92,94,96,92,94,99,95,84,82,85,77,86,86,86,95,92,73,64,64,77,68,75,74,75,77,84,81,81,82,83,80,74,69,70,73,76,77,91,86,88,76,68,71,74,76,77,77,78,76,73,72,72,75,78,78,80,84,83,83,82,83,85,87,87,89,90,87,83,82
80,81,79,79,80,82,78,82,80,88,89,85,81,98,85,65,87,98,90,97,95,96,81,87,91,98,97,96,96,95,96,96,93,92,80,69,76,69,69,71,90,78,70,61,70,72,65,68,77,79,76,77,81,84,82,81,78,73,70,69,71,68,81,87,72,95,85,80,70,68,66,65,66,68,71,73,75,74,71,71,72,75,81,82,78,75,78,80,79,76,71,82,86,86,87,86
70,73,74,64,76,78,77,76,85,81,85,76,87,73,93,62,92,95,97,80,87,87,92,97,94,92,97,95,94,96,96,94,90,96,95,91,92,73,79,87,69,76,78,73,67,76,84,70,76,79,75,76,79,84,89,81,75,72,72,73,80,82,98,95,97,98,94,88,75,71,73,67,66,65,64,65,68,71,74,75,74,72,71,74,77,79,79,80,79,72,71,63,69,85,83,84
96,85,64,58,66,92,82,78,78,81,70,69,85,63,81,97,82,84,89,85,84,88,90,93,93,89,90,89,91,87,91,95,98,94,96,81,83,89,93,88,87,76,77,80,82,81,83,83,76,77,76,74,76,80,85,83,75,74,76,79,81,76,96,78,63,49,47,49,59,94,81,80,79,75,71,67,66,66,67,69,71,73,73,69,67,67,69,71,69,67,63,60,64,67,81,82
79,81,87,90,74,65,92,84,76,71,67,63,64,87,88,78,81,91,89,85,86,86,87,83,81,89,88,94,87,89,94,96,95,96,96,95,93,88,89,83,92,88,92,84,83,74,80,80,83,76,77,75,73,75,76,78,80,82,85,79,81,81,99,57,63,49,47,49,56,59,80,90,82,80,82,82,80,82,69,67,67,67,66,62,58,53,50,50,51,51,53,56,59,65,73,83
93,86,94,94,74,88,84,95,81,74,65,72,75,60,73,88,89,83,84,81,92,91,85,80,83,85,81,85,86,87,86,91,92,93,88,88,86,91,92,86,94,93,90,87,82,77,75,77,81,83,77,75,75,73,72,73,74,74,80,82,71,95,93,68,70,73,57,47,50,57,61,69,84,84,86,88,87,85,82,79,76,75,72,70,67,64,63,59,56,54,56,54,56,60,64,65
90,75,85,74,83,65,67,85,79,89,68,73,85,78,87,84,79,83,88,89,97,90,90,91,88,79,75,75,80,92,93,87,92,95,89,95,93,82,84,80,79,88,94,95,87,57,72,85,65,82,82,78,75,73,74,73,72,70,67,67,70,73,85,83,60,50,53,50,51,53,59,62,64,74,72,65,68,75,85,87,80,80,81,80,77,74,70,66,62,59,56,53,54,57,60,61
87,87,87,76,63,63,53,81,74,90,83,85,77,82,87,90,75,79,75,78,90,89,85,79,84,75,59,75,82,91,86,87,95,95,88,79,80,86,85,94,72,88,88,89,68,60,72,76,66,64,77,79,77,75,73,72,76,73,70,68,69,73,65,61,54,44,41,46,51,56,63,58,59,65,69,68,64,62,70,84,92,85,83,81,82,83,85,84,79,73,68,62,58,57,61,63
85,83,89,90,50,37,31,53,78,84,89,87,80,80,69,72,82,76,73,87,82,71,79,83,89,86,63,67,74,68,89,87,77,80,88,83,76,77,53,65,70,79,91,88,44,58,64,61,63,57,65,75,77,77,76,75,72,73,73,68,65,63,62,58,53,52,54,54,54,63,52,52,53,55,55,56,56,57,59,66,81,87,93,89,85,83,84,84,84,86,87,87,87,85,77,68
74,93,97,66,67,48,38,36,59,66,69,81,79,76,66,65,58,58,68,67,72,66,81,88,88,71,47,64,54,53,71,57,66,69,71,82,88,83,67,68,58,83,74,63,49,53,54,56,53,60,61,66,74,75,76,75,75,74,73,72,64,64,62,65,78,65,52,52,55,61,61,56,53,56,58,59,59,59,58,60,66,78,82,96,91,89,84,82,82,83,83,82,83,83,81,78
66,97,92,54,95,72,69,63,56,54,56,52,61,60,58,55,52,47,46,47,45,57,63,81,94,56,54,56,53,67,85,92,81,72,79,88,67,55,54,53,67,91,72,50,58,59,57,60,57,63,63,63,64,66,71,72,74,72,72,74,65,63,64,68,71,66,66,67,56,54,54,55,55,57,58,60,60,60,60,60,63,69,77,82,93,94,88,85,84,83,83,83,82,82,82,80
66,60,59,50,51,55,50,53,42,41,43,55,44,43,37,55,48,62,60,47,46,45,48,59,61,57,55,57,56,88,95,97,93,81,84,73,56,52,43,52,85,72,41,55,59,57,59,61,61,61,64,65,65,64,68,68,70,71,70,70,76,64,62,63,65,62,60,60,63,68,56,56,56,56,57,59,61,61,60,60,61,64,70,75,80,88,94,89,86,85,83,82,82,83,82,80
20,46,63,34,56,32,32,36,29,34,52,45,42,44,40,40,41,41,48,49,42,46,42,55,47,40,42,53,53,67,83,90,97,92,95,86,66,45,44,61,55,49,59,62,62,60,70,63,66,68,67,64,69,66,66,65,67,70,69,70,68,69,71,68,66,65,63,62,62,61,65,62,55,55,57,57,58,58,59,58,57,60,63,67,72,77,90,96,89,89,86,82,81,82,81,78
56,35,51,41,33,44,45,57,34,37,45,42,28,29,34,37,51,41,46,46,40,67,45,36,30,31,33,40,47,51,72,85,97,81,81,72,80,64,57,41,48,53,58,61,63,62,81,85,66,74,65,65,64,66,67,67,67,66,67,67,67,67,67,66,65,64,63,63,63,61,59,59,59,56,56,57,59,59,60,59,57,57,59,61,67,72,79,93,92,94,93,90,88,86,82,79
56,48,43,38,46,35,28,29,50,33,33,37,31,33,32,33,37,42,34,36,38,40,37,29,28,30,31,33,38,71,81,82,82,73,59,71,84,91,87,75,73,68,60,56,58,78,84,67,59,55,60,63,66,66,66,67,67,67,66,64,64,65,64,63,62,62,61,61,61,60,59,57,57,58,57,57,58,59,59,59,57,56,57,61,64,67,72,77,78,77,80,84,95,91,91,90
73,46,46,40,30,25,28,34,34,32,32,32,25,20,19,19,30,32,48,53,48,37,31,27,29,25,28,28,68,80,86,84,97,53,70,67,77,70,68,64,65,64,63,58,57,61,64,66,54,51,57,60,67,63,63,64,63,64,63,62,61,62,60,58,58,58,58,58,59,57,57,58,58,59,60,59,60,59,59,58,57,57,57,58,59,64,68,71,73,75,77,80,88,94,91,89
51,40,45,46,28,29,33,35,29,27,29,17,28,31,30,22,34,24,28,27,38,30,27,28,27,23,31,59,86,89,73,87,69,63,69,65,75,69,62,56,54,54,56,56,57,62,63,63,66,66,59,63,62,62,65,63,64,63,62,60,60,59,58,58,59,60,60,59,58,57,57,57,56,56,56,57,58,58,57,58,59,60,60,60,60,61,64,68,72,74,76,79,85,91,95,92
79,63,55,50,39,32,29,31,24,24,22,31,23,24,21,25,29,22,22,21,18,22,30,32,56,53,57,90,78,71,63,60,43,65,77,67,70,72,64,57,51,48,51,56,57,76,52,61,67,65,66,64,64,67,66,65,63,63,63,62,60,59,61,62,63,61,61,61,60,59,60,61,60,60,61,61,62,62,61,61,65,67,65,62,61,61,62,66,70,74,76,80,84,87,93,94
41,56,25,59,42,36,33,30,29,32,29,27,27,24,23,20,21,16,12,14,25,18,40,51,57,72,66,84,82,81,63,46,45,66,75,64,60,68,68,62,56,47,48,51,68,67,53,49,61,64,63,65,66,64,69,68,65,65,63,63,63,63,61,59,59,59,58,60,63,64,63,62,61,60,60,60,60,61,65,68,71,71,71,66,62,63,65,68,69,71,76,81,84,87,90,93
54,54,49,49,45,76,47,31,27,21,21,22,25,29,24,19,12,18,14,17,24,20,25,55,66,75,80,83,86,63,54,37,45,47,73,62,57,57,67,69,65,60,54,51,70,42,52,58,53,61,65,64,65,64,64,65,63,63,64,67,66,66,65,65,64,63,64,63,63,62,62,62,61,61,62,63,66,68,69,69,67,69,70,68,68,67,68,70,73,76,79,83,86,88,89,91
32,50,75,63,73,52,56,39,31,20,18,23,23,26,28,21,11,14,21,21,23,29,33,41,68,75,72,86,72,51,46,44,49,47,71,60,58,61,59,64,57,62,79,71,52,41,50,53,57,58,61,64,64,64,63,65,64,64,65,65,65,65,66,68,69,68,66,65,64,63,63,63,64,67,70,70,71,70,70,69,68,68,67,67,66,66,67,69,74,78,82,85,88,89,89,90
89,87,72,89,70,43,41,46,28,24,23,27,27,28,28,21,13,15,36,32,47,65,78,72,67,81,82,78,55,50,63,58,62,59,66,62,59,58,59,65,45,74,37,49,35,55,51,52,55,61,62,62,63,63,65,65,65,63,64,63,63,64,65,65,65,64,63,65,66,66,68,69,69,71,73,73,71,70,70,69,71,71,70,66,63,63,65,68,75,79,83,86,89,91,92,93
