atmosphereWindy/data/current-humidity-surface-level-gfs-1p00.json
{"header": {"discipline":0,"disciplineName":"Meteorologicalproducts","gribEdition":2,"gribLength":62709,"center":7,"centerName":"USNationalWeatherService-NCEP(WMC)","subcenter":0,"refTime":"2018-12-21T00:00:00.000Z","significanceOfRT":1,"significanceOfRTName":"Startofforecast","productStatus":0,"productStatusName":"Operationalproducts","productType":1,"productTypeName":"Forecastproducts","productDefinitionTemplate":0,"productDefinitionTemplateName":"Analysis/forecastathorizontallevel/layeratapointintime","parameterCategory":1,"parameterCategoryName":"Moisture","parameterNumber":1,"parameterNumberName":"Relative_humidity","parameterUnit":"percent","genProcessType":2,"genProcessTypeName":"Forecast","forecastTime":6,"surface1Type":103,"surface1TypeName":"Specifiedheightlevelaboveground","surface1Value":2,"surface2Type":255,"surface2TypeName":"Missing","surface2Value":0,"gridDefinitionTemplate":0,"gridDefinitionTemplateName":"Latitude_Longitude","numberPoints":65160,"shape":6,"shapeName":"Earthsphericalwithradiusof6,371,229.0m","gridUnits":"degrees","resolution":48,"winds":"true","scanMode":0,"nx":360,"ny":181,"basicAngle":0,"lo1":0,"la1":90,"lo2":359,"la2":-90,"dx":1,"dy":1}, "data":
[rows 110 to 164 of 181, columns 192 to 287 of 360]
81,81,83,84,84,84,83,84,85,85,80,82,80,80,80,79,79,78,76,76,79,78,77,77,78,78,78,77,78,77,78,78,78,75,74,73,75,74,76,76,75,74,75,74,74,74,74,75,76,75,76,77,76,76,77,78,76,78,76,75,76,75,75,75,75,75,75,76,76,77,76,77,77,78,77,76,76,77,74,77,77,77,78,78,79,79,78,78,78,78,77,78,77,77,75,78
84,83,81,84,86,86,85,85,85,87,86,83,83,84,83,81,82,82,79,80,82,81,78,78,79,79,79,78,78,77,76,78,78,78,76,75,73,73,75,76,76,75,73,75,76,76,76,76,75,75,76,78,77,77,77,78,78,79,77,77,77,76,76,76,75,76,76,76,76,76,77,76,78,79,80,80,79,78,74,75,76,76,76,77,78,78,77,78,78,79,79,78,78,78,76,78
75,79,81,82,85,86,84,85,87,87,85,85,86,86,87,87,86,83,82,82,84,84,83,82,81,82,81,82,81,79,77,76,77,75,75,73,73,73,77,77,76,74,74,75,75,76,76,77,77,76,78,77,77,77,77,78,79,78,78,79,77,77,76,75,76,75,76,76,76,77,77,77,77,78,78,77,74,73,74,74,75,75,76,76,76,76,76,76,77,78,78,78,78,79,80,78
83,86,79,80,82,84,86,85,86,87,85,84,85,87,86,87,88,88,82,81,84,87,86,85,82,84,85,83,81,81,76,76,76,78,77,75,74,74,76,76,77,75,74,73,75,75,76,76,77,77,77,77,77,76,77,78,77,78,78,79,79,76,77,76,75,75,75,76,79,78,76,73,70,71,72,70,71,72,72,73,74,76,76,78,78,78,78,78,78,77,77,78,78,80,81,79
84,84,86,86,86,86,85,84,84,84,85,85,84,84,84,86,88,90,88,85,85,88,87,87,87,88,88,85,83,84,83,80,80,80,79,76,76,74,75,76,77,76,76,76,76,75,76,77,77,76,76,76,75,76,76,77,79,79,79,78,79,79,77,76,75,76,77,77,77,75,70,70,70,71,71,72,72,74,74,75,76,76,77,77,77,77,77,77,76,76,77,79,80,79,81,81
77,84,85,86,86,83,87,85,81,81,83,84,85,82,83,86,88,91,92,88,88,88,89,88,91,91,88,86,83,84,86,84,83,82,80,79,78,78,77,76,77,76,75,75,75,76,76,77,76,75,75,75,75,76,76,78,78,79,78,77,77,78,77,78,77,78,77,77,75,72,70,70,71,71,73,74,75,76,76,76,76,76,76,76,76,76,75,75,75,75,75,78,79,80,80,82
81,82,83,85,87,85,86,84,74,78,83,82,82,81,82,88,88,92,93,90,89,89,90,90,90,87,87,85,82,85,87,87,85,84,82,81,80,81,81,80,78,77,76,76,77,77,77,77,76,75,76,75,73,74,74,75,76,77,79,79,77,77,77,77,78,79,78,76,74,72,70,70,71,73,74,76,76,76,76,76,76,76,75,75,74,75,75,75,75,75,75,75,79,78,83,83
84,86,81,84,85,84,87,87,88,84,87,87,85,83,82,82,86,90,92,91,92,91,91,91,90,90,88,84,85,87,87,88,87,87,86,84,84,85,85,84,83,83,81,79,79,80,81,80,78,77,76,75,74,74,74,73,73,75,77,79,80,81,79,80,80,79,78,76,74,71,70,71,73,75,75,75,76,77,77,76,75,74,75,75,76,76,76,76,76,76,75,75,79,78,83,83
82,89,87,87,84,82,87,87,88,92,90,88,87,88,91,87,81,83,86,90,92,91,92,92,92,90,86,83,86,86,85,87,87,86,86,86,88,88,87,85,84,86,85,83,83,83,85,85,83,80,79,78,77,74,73,73,73,75,76,78,80,79,77,80,79,79,77,75,73,71,72,74,75,74,75,76,76,76,75,75,75,75,75,76,76,76,76,76,76,75,75,75,79,78,82,83
82,89,90,87,83,88,92,92,90,88,85,82,81,82,83,83,88,86,77,85,88,91,92,91,91,89,83,82,82,83,85,86,83,81,80,82,87,88,88,86,87,88,88,87,85,84,84,87,88,85,81,80,78,76,75,74,73,73,77,79,80,81,80,80,79,78,75,75,71,71,74,75,74,75,75,75,76,79,79,77,76,76,76,77,76,76,76,76,76,76,76,75,79,77,82,83
85,90,90,91,91,92,91,87,83,81,78,74,76,76,74,75,76,80,88,90,91,92,91,90,90,88,86,79,75,75,80,84,84,78,72,73,82,89,89,90,89,89,89,88,86,82,83,84,86,84,82,81,81,80,79,76,74,74,74,77,80,81,80,80,79,78,76,72,71,72,74,75,75,75,75,78,78,79,78,78,77,76,76,76,76,76,76,76,76,76,75,78,79,80,81,83
89,92,89,89,92,91,88,84,83,81,78,76,74,75,75,75,75,78,84,86,91,93,92,91,91,89,89,84,77,73,77,84,87,82,75,71,80,92,91,93,91,90,91,90,87,86,86,85,84,83,81,82,82,82,82,79,77,76,74,73,75,79,80,78,79,79,77,73,74,74,75,75,75,78,78,79,81,81,79,79,79,77,76,76,76,76,76,76,76,75,78,77,79,81,83,82
85,89,88,89,89,87,86,85,81,79,77,77,76,74,80,82,82,84,88,87,87,91,96,95,92,92,91,89,84,78,78,85,87,80,71,71,84,94,95,95,93,92,90,90,90,91,89,88,87,85,84,83,81,80,80,77,78,79,78,74,71,71,74,76,80,80,78,76,75,77,77,76,78,78,79,81,81,81,81,80,78,79,79,79,76,76,76,76,75,76,78,81,81,83,84,82
85,88,88,90,88,86,84,82,79,75,75,75,77,82,84,86,86,89,92,90,91,92,90,94,97,96,93,91,89,85,81,85,85,80,77,73,83,94,96,95,93,92,93,92,92,91,91,90,89,90,89,87,85,85,84,83,79,77,78,77,72,69,67,73,78,79,77,75,75,76,77,77,78,79,81,82,82,83,83,81,82,80,78,78,79,79,77,76,75,78,78,83,82,84,84,83
84,88,89,90,87,85,84,83,79,75,74,75,78,79,81,83,84,87,91,93,93,93,94,91,95,97,97,94,92,89,87,85,84,81,79,73,79,90,95,96,97,97,97,95,95,95,95,95,95,94,93,92,89,89,86,85,83,81,78,76,74,73,71,74,75,76,75,75,75,76,77,77,78,82,80,80,80,82,83,83,82,82,81,82,79,78,78,80,80,79,78,81,83,83,83,83
85,89,90,91,86,85,85,85,80,77,76,78,75,78,84,85,83,87,91,94,94,95,96,95,94,95,97,97,95,93,90,87,86,84,82,80,80,81,92,94,93,92,89,90,91,92,93,93,91,90,88,88,91,92,92,91,87,86,85,84,80,79,75,74,75,75,75,78,77,77,78,78,83,85,84,83,86,85,81,83,83,83,85,83,82,81,81,79,79,80,79,81,84,83,82,82
87,87,90,89,88,87,88,86,81,81,79,80,76,76,79,81,82,83,86,91,91,94,95,97,96,95,95,97,97,95,92,90,89,88,86,85,84,82,84,93,90,90,89,89,87,89,91,91,89,85,82,82,84,84,84,89,92,91,89,88,89,87,84,81,78,78,79,79,81,84,85,85,87,88,88,87,86,87,90,88,84,85,84,84,83,86,86,83,82,82,82,82,84,83,82,77
85,86,86,86,85,85,86,86,83,79,75,79,80,78,83,86,83,82,84,88,91,91,94,95,97,97,97,97,97,97,95,94,93,91,89,87,87,85,83,86,90,90,88,87,84,84,85,87,85,85,81,79,77,75,72,72,83,88,92,93,93,91,92,89,86,84,83,83,84,85,86,85,86,89,88,85,87,90,90,91,92,92,91,90,91,88,86,86,85,82,82,83,85,85,85,78
82,84,84,83,83,83,82,85,83,79,74,73,85,83,85,84,85,86,85,87,89,89,90,93,96,97,97,97,97,96,96,95,93,93,94,94,93,92,91,89,88,87,87,88,86,85,85,85,86,85,82,79,78,77,76,74,73,75,80,80,83,90,92,93,93,92,92,91,91,89,88,88,88,89,89,89,90,92,93,94,94,94,94,95,96,96,95,93,90,86,85,85,85,85,86,92
86,84,83,83,83,80,83,82,81,79,79,78,84,81,84,84,83,81,83,82,84,85,86,88,90,92,95,97,97,97,97,96,95,92,92,92,91,91,91,91,93,92,91,88,88,87,87,86,85,85,86,83,82,81,80,79,76,75,75,73,66,67,76,85,91,96,96,94,94,94,94,93,93,92,93,94,96,96,95,93,95,96,95,94,94,94,96,96,95,91,88,86,85,86,86,98
88,85,82,84,84,84,78,79,82,79,79,84,85,84,86,83,80,78,80,79,80,81,82,82,83,85,88,90,94,97,98,96,95,94,93,91,90,90,90,90,91,92,93,93,92,90,89,88,87,86,86,88,87,86,86,86,85,82,79,78,76,74,72,72,75,79,84,88,91,94,95,95,95,94,91,85,83,87,88,89,86,89,86,85,88,92,95,95,96,95,93,91,87,83,85,100
85,91,87,85,84,84,83,84,81,86,89,88,84,83,82,79,75,76,77,78,78,78,78,78,79,79,80,81,84,88,92,96,98,97,95,94,92,91,91,91,91,91,91,91,92,92,93,92,90,89,88,89,89,90,90,90,89,88,85,84,84,83,82,81,79,77,75,74,73,74,75,74,72,72,71,71,72,74,77,78,73,73,79,84,87,87,89,92,95,97,96,95,92,86,88,97
84,90,90,87,85,85,85,83,88,90,86,81,77,73,76,73,72,75,76,76,76,77,77,77,77,76,76,77,77,78,80,84,87,91,96,98,96,95,94,93,92,92,92,91,91,93,93,92,92,91,90,88,87,87,89,90,91,91,90,89,87,87,87,86,87,87,87,85,84,83,83,83,83,83,83,82,81,80,80,82,83,84,85,87,88,87,86,84,89,93,94,96,94,91,94,85
89,91,92,89,86,86,86,91,91,85,81,78,75,71,70,70,71,74,74,74,74,74,74,74,74,74,74,75,75,75,76,76,77,78,80,83,88,93,97,96,95,94,93,93,92,92,93,93,92,91,90,89,88,88,88,89,89,90,91,92,91,90,90,89,88,88,88,89,89,89,88,88,88,88,88,88,88,87,87,87,87,86,83,84,87,89,87,86,88,89,87,87,92,93,98,83
92,92,92,90,88,89,92,91,86,82,78,76,72,70,68,66,65,66,65,65,66,68,69,70,71,71,72,73,73,74,74,75,75,75,75,75,76,78,82,86,92,96,96,95,94,93,93,92,91,91,91,91,90,90,90,89,89,89,90,91,91,91,91,92,92,90,90,89,90,90,90,89,90,91,92,92,91,91,90,90,90,89,88,88,90,90,89,87,86,87,87,85,83,88,92,99
92,92,92,91,90,93,92,88,83,79,76,75,75,72,67,65,63,60,56,57,59,62,64,65,65,66,67,68,70,70,71,72,72,72,73,73,73,75,78,79,81,83,88,93,96,96,94,93,92,91,91,90,90,90,90,90,90,90,90,91,91,92,92,92,93,93,92,92,92,92,92,92,92,92,92,92,91,91,91,90,90,90,89,89,90,91,90,88,87,86,87,84,81,82,96,99
94,93,93,94,93,91,88,84,81,79,76,73,69,65,63,63,61,62,64,65,67,68,69,68,67,65,63,62,62,62,62,64,66,68,68,69,69,70,71,73,77,81,81,83,87,91,94,95,94,93,93,92,91,91,90,90,91,91,92,92,92,93,93,93,93,93,93,93,93,94,94,94,93,93,92,91,90,90,90,90,90,90,90,90,90,91,91,90,89,88,84,83,81,87,95,100
95,95,94,93,91,88,86,84,82,79,77,74,72,71,72,72,75,76,77,78,77,77,77,75,73,72,70,68,66,64,62,60,60,60,61,64,64,65,67,68,70,72,75,78,81,84,86,89,92,94,93,92,92,91,91,91,91,92,92,92,92,92,92,92,93,93,93,93,92,92,92,93,93,93,92,92,92,92,92,92,93,93,93,93,93,93,92,92,91,89,86,82,80,75,63,69
94,93,92,91,90,89,86,84,81,79,78,78,78,78,79,79,78,78,79,79,79,79,79,78,77,76,75,74,72,70,69,67,66,64,63,63,63,63,64,65,66,67,69,71,73,77,80,83,82,82,89,92,92,91,91,91,91,91,91,91,92,92,92,92,92,92,92,92,92,93,93,93,93,93,94,94,94,94,94,94,94,94,95,94,93,92,92,90,90,90,89,87,79,80,90,98
92,91,91,90,89,87,85,82,80,79,79,80,81,81,81,80,80,81,81,81,81,82,81,80,80,79,78,76,73,72,72,71,69,68,66,65,64,64,64,64,65,65,66,67,69,71,75,78,81,84,84,85,90,91,91,91,90,90,91,91,91,91,91,92,92,92,92,92,92,92,92,92,92,92,92,93,93,93,94,94,94,94,94,94,93,93,93,93,92,91,88,88,83,90,64,47
88,86,85,84,83,83,82,82,83,83,84,84,85,85,86,86,87,87,87,87,87,86,85,84,83,82,81,80,78,77,76,74,72,70,67,66,65,64,64,64,64,64,65,65,66,68,71,76,79,81,81,83,84,89,90,91,91,91,91,90,91,91,91,92,92,92,92,92,92,92,92,93,93,93,93,93,93,93,94,94,94,94,94,95,95,94,93,93,93,93,92,89,86,84,52,45
87,85,83,84,84,85,86,87,88,89,90,90,91,90,90,90,90,89,87,82,79,76,73,72,72,73,75,77,80,81,81,80,78,75,70,66,65,64,64,64,64,64,64,64,65,66,69,74,79,80,82,85,88,89,90,90,91,91,90,91,91,91,92,92,93,93,93,92,93,93,92,93,93,93,93,94,94,94,94,94,95,95,95,95,94,94,94,94,94,94,93,91,89,87,87,69
84,84,84,85,86,88,90,90,90,91,92,93,93,92,89,83,78,75,70,66,68,70,70,69,70,72,74,75,76,78,80,80,82,81,73,66,64,63,63,63,63,63,63,63,64,66,70,74,77,81,82,84,88,93,93,92,92,91,91,91,91,92,92,92,93,93,93,93,93,93,93,93,93,93,94,94,94,94,95,95,95,95,95,94,94,94,94,94,94,94,93,92,91,94,93,85
86,87,85,86,89,90,91,90,89,90,91,91,90,87,85,80,71,65,63,66,68,71,73,74,77,81,82,81,80,79,80,81,86,82,69,65,63,63,64,64,63,62,63,65,67,71,74,76,79,79,80,81,84,85,87,92,96,95,93,92,92,92,92,92,93,93,93,94,94,94,94,95,95,95,95,95,95,95,95,95,95,95,94,94,94,93,94,94,94,93,93,92,91,90,94,94
87,88,88,90,91,90,90,89,88,88,90,90,87,84,83,82,79,73,71,72,73,72,70,73,76,79,80,81,82,82,81,77,71,69,68,66,65,65,65,66,69,72,71,71,76,78,78,78,79,77,74,72,70,70,74,79,84,84,83,84,85,86,86,88,90,92,94,95,96,97,97,97,97,96,95,95,94,94,93,92,92,92,92,93,93,93,93,93,93,92,91,91,92,91,89,88
91,91,91,93,92,90,89,89,90,90,91,90,89,87,84,81,81,81,81,80,81,79,74,73,72,68,64,63,62,61,61,65,67,67,66,67,68,70,74,82,81,79,76,73,73,76,79,78,77,77,76,74,72,70,70,70,71,72,74,76,76,77,78,82,85,87,88,88,88,88,88,88,88,88,88,89,88,88,88,88,88,88,89,89,89,89,89,89,89,88,86,88,88,88,87,85
93,93,93,94,94,93,92,91,91,92,93,93,91,89,88,89,89,85,82,83,84,84,85,86,83,82,70,63,62,63,66,67,67,68,68,68,68,71,77,83,79,77,76,74,72,70,69,69,69,70,72,72,70,68,67,68,68,70,71,71,70,73,77,79,80,81,82,83,84,84,84,85,85,85,84,84,84,84,84,84,84,84,84,85,85,85,85,84,83,83,82,81,81,81,82,84
94,94,94,94,94,95,96,95,94,94,92,89,87,84,83,82,84,82,81,81,82,83,85,83,84,85,84,82,74,71,72,72,71,69,68,67,67,69,74,82,82,74,61,63,66,70,71,70,70,69,69,68,69,70,69,69,69,69,70,70,70,70,72,72,73,75,77,78,79,79,79,79,79,80,80,80,80,80,81,81,81,80,80,80,80,80,80,80,80,80,81,81,81,81,81,81
94,95,95,95,95,95,92,86,80,78,78,79,79,80,80,80,79,80,80,79,79,80,82,82,83,85,86,86,84,81,79,77,74,72,71,71,71,72,76,78,81,74,72,70,73,73,71,73,71,72,71,70,71,71,70,70,70,70,69,69,69,69,69,69,68,69,72,75,76,77,77,77,77,77,78,78,78,79,79,78,77,76,76,77,78,79,79,80,80,81,81,81,81,80,80,80
95,96,96,93,89,83,77,75,74,75,77,80,81,82,83,83,81,78,77,77,78,80,81,83,83,86,87,84,83,81,78,77,78,79,80,79,76,78,81,80,73,73,74,79,78,77,74,73,72,72,74,74,74,75,75,75,75,75,74,73,73,73,72,71,70,70,71,72,72,72,71,70,71,72,75,76,78,78,78,76,75,74,75,76,78,80,81,81,81,82,82,82,82,82,82,83
97,93,88,86,82,75,72,75,79,80,81,81,81,79,77,76,77,79,80,81,82,83,86,86,86,85,82,78,77,78,80,83,86,88,84,78,76,79,77,75,72,72,73,73,73,74,74,74,77,79,80,81,82,82,81,82,81,81,80,80,80,81,80,80,78,77,76,75,75,76,77,77,77,76,76,76,76,76,77,77,77,78,79,81,83,85,85,85,84,83,85,87,89,87,87,88
88,89,88,81,75,73,71,68,66,65,68,71,72,73,73,75,77,79,80,76,79,82,86,91,85,73,68,70,76,78,85,88,82,79,79,78,74,67,68,71,73,73,73,72,73,74,77,79,81,83,84,86,86,87,88,88,89,89,88,87,87,88,90,90,89,87,86,84,83,82,83,82,83,83,81,80,79,79,79,80,81,82,83,85,87,89,90,89,88,89,92,93,93,93,93,93
80,77,76,74,70,67,67,72,73,74,77,79,80,80,76,71,70,65,63,63,64,69,68,69,66,63,64,68,73,74,77,77,72,71,77,73,71,72,72,73,73,73,73,74,75,75,77,80,84,85,86,87,87,88,88,89,90,90,90,91,91,91,91,90,91,91,90,89,89,90,89,89,88,88,87,85,84,84,85,86,87,87,87,90,92,93,92,92,92,94,96,97,97,98,97,96
76,74,74,76,78,78,77,73,88,88,81,82,82,80,69,64,65,62,62,65,70,68,66,60,60,60,69,81,75,72,81,75,75,81,80,78,79,77,78,77,74,74,74,75,76,76,79,82,85,86,87,88,88,89,90,91,91,92,93,93,93,93,93,93,93,93,93,94,93,92,91,91,91,90,90,90,89,89,89,90,92,93,94,94,94,94,93,94,95,94,95,96,98,98,98,98
79,82,79,79,82,82,74,81,69,78,82,76,72,66,60,60,61,62,68,72,70,67,62,64,72,72,73,73,74,71,73,76,80,86,82,83,87,88,82,80,75,78,75,74,75,78,82,84,87,88,88,88,89,90,91,91,93,94,94,94,94,94,95,95,96,95,95,94,93,94,94,93,92,91,90,89,89,89,91,92,93,94,94,94,94,94,94,95,96,95,95,95,95,95,96,96
86,84,77,76,75,70,86,71,68,81,71,72,73,72,71,69,72,77,79,70,71,77,66,67,76,74,70,71,70,70,80,79,82,86,86,88,85,86,87,80,79,77,75,79,79,81,82,85,88,89,90,90,90,90,91,91,93,93,93,94,95,96,96,96,97,97,96,96,96,96,95,94,95,95,94,94,93,93,94,94,95,95,95,95,95,96,96,97,97,96,96,96,96,96,96,96
67,67,68,86,86,73,71,72,76,76,79,75,66,76,68,75,84,72,70,67,68,70,71,70,69,71,69,71,78,76,80,83,85,88,90,89,89,90,88,87,87,85,84,83,82,82,83,85,86,87,89,90,91,91,91,92,92,93,94,94,94,95,95,95,95,96,97,96,95,95,96,96,95,96,96,96,96,96,96,95,95,95,96,96,96,96,97,97,97,97,97,97,97,96,96,96
71,72,77,82,82,83,85,84,84,81,78,79,76,75,72,71,71,68,73,69,79,70,69,80,76,84,81,88,78,83,84,80,85,87,88,88,90,90,88,88,89,88,87,82,80,81,82,84,84,85,86,88,89,89,90,92,92,92,92,94,94,94,95,94,94,94,94,94,95,95,96,97,97,97,97,97,97,96,96,96,96,97,96,96,96,96,96,96,96,96,96,96,96,96,96,97
80,86,84,83,84,84,84,83,83,83,84,85,86,87,87,86,82,77,76,72,71,74,82,85,86,88,82,78,82,76,76,75,78,85,86,85,87,86,79,84,88,88,87,85,83,84,85,86,86,87,86,86,87,89,90,90,90,90,91,92,93,93,94,93,92,91,91,91,91,92,92,92,92,92,92,92,92,92,93,93,93,94,94,95,95,96,96,96,96,96,96,96,95,95,94,93
79,80,80,80,81,82,82,81,81,81,81,83,85,85,86,87,84,75,81,86,87,86,86,85,84,87,88,87,88,85,81,74,71,73,78,78,79,75,78,78,79,83,87,87,88,88,88,87,87,87,87,85,86,88,90,90,90,90,90,91,90,90,90,90,89,89,89,89,89,89,89,89,89,89,89,90,90,90,90,89,89,89,89,89,89,89,89,90,90,90,91,91,91,91,88,79
78,78,81,82,81,81,81,81,82,83,84,82,82,83,83,84,83,73,70,68,73,68,67,67,68,69,70,70,68,66,64,65,65,65,67,74,82,83,88,89,88,88,88,89,89,89,88,86,86,87,87,86,86,85,87,89,90,90,90,90,90,91,91,91,91,90,89,89,89,89,89,89,89,88,87,87,86,85,83,82,82,82,82,82,82,81,80,78,77,76,75,73,73,80,75,72
77,78,78,80,82,82,82,82,83,83,82,82,82,81,82,85,84,85,86,85,85,84,82,76,73,70,66,83,67,65,64,63,69,83,84,84,86,87,87,86,86,87,89,89,88,88,88,87,86,86,86,86,87,87,87,86,87,89,89,89,89,89,89,89,90,90,89,88,87,87,86,86,85,86,86,86,87,87,87,87,87,87,88,88,88,87,87,86,86,85,83,76,76,65,76,58
80,80,79,79,79,80,81,82,82,81,82,82,82,82,81,81,81,82,83,83,83,85,85,85,85,84,84,75,71,79,84,85,86,85,85,85,85,85,84,85,89,90,90,90,89,88,86,86,85,85,86,88,87,86,86,86,87,86,85,85,85,85,84,84,85,83,84,85,75,76,80,87,87,86,86,85,85,86,86,86,86,85,85,85,85,84,83,82,81,82,85,85,79,82,87,82
79,79,79,79,79,79,80,80,81,82,81,82,82,82,82,81,80,80,81,84,85,84,83,83,83,82,83,83,85,86,86,85,83,82,82,82,82,82,82,84,84,80,76,81,86,85,81,79,80,82,82,82,80,75,72,70,72,78,83,82,81,81,81,78,72,80,76,77,76,78,77,76,74,70,71,73,75,77,74,75,75,76,77,79,78,77,77,78,75,82,78,72,62,67,70,74
78,78,79,80,80,80,81,81,82,82,82,82,82,82,82,82,81,81,80,81,82,83,82,82,81,81,81,82,82,80,80,81,83,85,85,85,84,85,87,86,85,86,83,86,79,72,73,76,73,78,77,82,76,75,79,78,80,82,86,84,81,82,82,81,78,72,64,68,70,74,76,78,81,89,94,92,88,89,90,87,84,85,86,83,77,72,67,74,85,83,77,68,66,64,64,68
