atmosphereWindy/data/current-temp-surface-level-gfs-1p00.json
{"header": {"discipline":0,"disciplineName":"Meteorologicalproducts","gribEdition":2,"gribLength":70064,"center":7,"centerName":"USNationalWeatherService-NCEP(WMC)","subcenter":0,"refTime":"2018-12-21T00:00:00.000Z","significanceOfRT":1,"significanceOfRTName":"Startofforecast","productStatus":0,"productStatusName":"Operationalproducts","productType":1,"productTypeName":"Forecastproducts","productDefinitionTemplate":0,"productDefinitionTemplateName":"Analysis/forecastathorizontallevel/layeratapointintime","parameterCategory":0,"parameterCategoryName":"Temperature","parameterNumber":0,"parameterNumberName":"Temperature","parameterUnit":"K","genProcessType":2,"genProcessTypeName":"Forecast","forecastTime":0,"surface1Type":103,"surface1TypeName":"Specifiedheightlevelaboveground","surface1Value":2,"surface2Type":255,"surface2TypeName":"Missing","surface2Value":0,"gridDefinitionTemplate":0,"gridDefinitionTemplateName":"Latitude_Longitude","numberPoints":65160,"shape":6,"shapeName":"Earthsphericalwithradiusof6,371,229.0m","gridUnits":"degrees","resolution":48,"winds":"true","scanMode":0,"nx":360,"ny":181,"basicAngle":0,"lo1":0,"la1":90,"lo2":359,"la2":-90,"dx":1,"dy":1}, "data":
[rows 0 to 41 of 181, columns 94 to 187 of 360]
242,242,242,242,242,242,242,242,242,242,242,242,242,242,242,242,242,242,242,242,242,242,242,242,242,242,242,242,242,242,242,242,242,242,242,242,242,242,242,242,242,242,242,242,242,242,242,242,242,242,242,242,242,242,242,242,242,242,242,242,242,242,242,242,242,242,242,242,242,242,242,242,242,242,242,242,242,242,242,242,242,242,242,242,242,242,242,242,242,242,242,242,242,242
243,243,243,243,243,243,243,243,243,243,243,243,243,243,243,243,243,243,243,243,244,244,244,244,244,244,244,244,244,244,244,244,244,245,245,245,245,245,245,245,245,245,245,245,245,245,245,245,245,245,245,245,245,245,245,245,245,245,245,245,245,245,245,245,246,246,246,246,246,246,246,246,246,246,246,246,246,246,246,246,246,246,246,246,246,246,246,246,246,246,246,246,246,246
244,245,245,245,245,245,245,246,246,246,246,247,247,247,247,247,247,247,247,247,247,247,247,247,247,247,247,247,247,247,247,247,247,247,247,247,247,247,247,247,247,247,247,247,247,247,247,247,247,247,247,247,247,247,247,247,247,247,247,247,247,247,247,247,247,247,247,247,247,247,247,247,247,247,247,247,247,247,247,247,247,247,247,247,247,247,247,247,247,247,247,247,247,247
244,244,244,244,244,244,244,245,245,245,245,245,246,246,246,247,247,247,247,247,247,248,248,248,248,248,248,248,248,247,247,247,247,247,247,247,247,247,247,247,247,247,247,247,247,247,247,247,247,247,248,248,248,248,248,248,248,248,248,248,248,248,248,248,248,248,248,248,248,248,248,248,248,248,248,248,249,249,249,249,249,249,249,249,249,249,249,249,249,249,249,249,249,249
245,245,245,245,245,246,246,246,246,246,247,247,247,247,247,247,247,247,248,248,248,248,248,248,248,248,248,248,248,247,247,247,247,247,247,247,247,247,248,248,248,248,247,247,247,247,247,247,247,247,247,247,248,248,248,248,248,248,248,248,249,249,248,249,248,248,248,248,248,248,248,248,248,248,248,248,248,248,248,248,248,248,248,248,248,248,248,248,248,248,248,248,248,248
246,246,246,246,246,246,247,247,247,247,247,248,248,248,248,248,248,248,248,248,248,248,248,248,248,248,248,248,248,248,248,248,248,248,248,248,248,247,247,247,247,247,247,247,247,248,248,248,248,248,248,248,248,248,248,248,248,248,248,248,248,248,248,248,247,247,246,246,246,246,245,245,245,245,244,244,244,244,244,244,244,244,244,244,244,244,244,244,244,243,244,244,244,244
246,246,246,246,247,247,247,247,247,248,248,248,248,248,248,249,249,249,249,249,249,249,249,249,249,249,249,249,248,248,248,248,248,248,248,248,248,248,248,248,248,248,248,248,248,248,248,248,248,248,248,248,248,248,248,248,247,247,246,246,245,245,245,244,244,244,244,244,244,244,244,244,244,244,244,244,244,244,244,244,244,244,244,244,244,244,244,244,244,244,244,244,244,244
247,247,247,247,247,247,247,247,247,247,248,248,248,249,249,249,249,249,250,250,250,250,250,250,249,249,249,249,249,249,249,248,248,248,248,248,248,248,248,248,248,248,248,248,248,248,248,248,248,248,248,249,249,248,248,247,246,246,245,245,244,244,244,244,244,244,244,244,244,244,245,245,245,245,245,245,245,245,245,245,245,245,245,245,245,245,245,245,245,245,244,244,244,244
248,248,248,248,248,248,248,248,248,248,248,248,248,248,249,249,249,249,249,250,250,250,250,250,250,250,250,250,250,250,249,249,249,249,248,248,248,248,248,248,248,248,248,248,249,249,249,249,249,249,249,249,249,249,249,249,248,248,247,246,246,246,245,245,245,245,245,245,245,245,245,245,246,246,245,246,246,246,246,246,246,246,246,246,245,245,245,245,244,244,244,244,244,244
247,247,248,249,248,248,248,248,249,249,249,248,248,248,249,249,249,249,249,250,250,250,250,250,250,250,250,250,250,250,250,250,249,249,249,249,249,248,248,248,248,248,248,248,248,248,248,248,248,248,248,249,249,249,249,249,250,250,250,250,250,250,250,249,249,248,248,247,247,247,247,247,247,247,246,246,246,246,246,246,246,246,245,245,245,245,245,244,244,243,243,243,243,243
247,247,247,245,249,249,250,250,249,249,249,249,249,249,249,249,249,249,249,249,250,250,250,250,250,250,250,250,251,251,251,250,250,250,250,249,249,249,248,248,248,248,248,248,248,248,248,248,248,248,248,248,248,248,248,248,248,248,248,248,248,248,248,249,249,249,249,249,249,249,250,250,249,249,249,248,248,247,247,246,246,246,245,245,245,245,244,244,244,244,244,244,244,244
249,251,249,249,248,246,252,251,247,249,248,250,250,250,249,249,249,249,249,250,250,250,250,250,250,250,250,250,250,250,250,250,250,250,250,250,250,250,249,249,249,248,248,248,248,248,248,248,248,248,248,248,248,248,248,248,248,248,248,248,248,248,248,248,248,248,248,248,248,248,248,248,248,248,248,248,248,247,247,247,247,247,247,247,246,246,246,246,246,246,246,246,245,245
248,248,248,249,249,249,249,250,252,252,252,252,251,251,250,250,250,250,250,250,250,250,250,250,250,250,250,250,250,250,250,250,250,250,250,250,250,250,249,249,249,249,248,248,248,248,248,248,248,248,248,247,247,247,247,247,247,247,247,247,247,247,247,247,247,247,247,247,247,247,247,247,247,246,246,246,246,246,246,246,246,246,246,246,246,246,246,246,245,245,245,245,245,245
248,248,248,248,248,249,249,249,247,247,248,248,249,250,251,250,250,250,250,250,250,250,250,250,249,249,249,249,249,249,249,249,249,249,249,249,249,248,248,248,248,248,248,248,248,248,247,247,247,247,247,247,247,247,247,247,247,247,247,247,247,247,247,248,247,247,247,247,247,247,247,247,246,246,246,246,246,246,246,246,246,246,246,246,246,246,246,246,245,245,245,245,245,245
245,243,245,247,246,245,246,247,247,247,246,246,245,245,245,246,246,247,248,249,250,250,250,249,249,249,249,249,248,248,248,248,248,248,248,248,248,248,248,248,248,247,247,247,245,244,246,245,245,245,246,246,246,246,247,247,247,247,247,247,247,247,247,247,247,247,247,247,247,247,247,247,247,247,247,247,247,247,247,247,247,247,247,247,247,247,246,246,246,246,246,246,246,246
242,241,241,241,243,244,246,248,248,249,253,252,250,250,251,251,251,251,250,250,249,249,249,249,249,249,249,249,248,248,248,248,248,248,248,248,247,247,247,247,247,246,245,245,243,242,243,243,244,244,246,246,247,246,245,245,245,246,247,247,247,247,248,248,247,247,247,248,248,248,248,248,248,248,248,248,248,248,248,248,248,248,248,247,247,247,247,247,247,247,247,248,247,247
243,244,244,246,246,246,247,248,248,248,248,247,248,248,249,251,251,250,249,249,249,249,249,249,249,249,249,249,248,247,246,245,245,244,245,244,244,244,244,244,244,243,243,243,243,244,244,242,243,243,244,246,247,247,247,247,247,247,247,248,248,248,248,248,248,248,248,248,248,248,248,248,248,248,248,248,248,248,248,248,248,248,247,247,247,247,248,248,248,248,248,248,248,248
242,243,244,244,245,246,246,247,247,247,247,248,249,249,248,248,248,248,248,247,246,245,244,242,241,240,241,241,241,242,238,237,238,241,239,240,243,243,244,244,244,244,244,243,243,243,243,243,242,242,243,244,245,246,246,247,248,248,248,248,248,248,248,248,248,248,248,248,248,248,248,248,248,248,248,248,248,247,247,247,247,247,247,247,247,247,248,248,248,248,248,249,250,250
241,241,242,242,242,243,243,242,240,240,240,240,241,242,242,242,242,241,240,239,239,238,238,238,237,237,238,238,238,238,240,240,241,242,241,243,243,243,242,241,242,242,243,243,243,242,239,238,238,238,239,240,243,242,242,245,247,248,248,248,248,248,248,248,248,248,248,247,247,247,247,247,247,247,247,247,247,247,248,248,248,248,248,248,248,248,247,247,247,247,248,250,251,251
238,238,238,238,238,238,237,235,235,235,237,238,237,237,237,237,237,238,238,238,238,237,237,237,236,237,237,237,238,239,239,239,241,242,243,243,244,244,241,239,239,240,238,238,239,239,239,239,239,239,239,239,240,242,242,244,244,246,247,247,247,246,245,245,246,247,247,247,247,247,247,247,247,247,247,247,247,247,247,248,248,248,248,248,249,247,248,247,248,249,250,251,251,251
235,235,235,235,234,235,236,236,236,236,236,236,236,237,237,237,237,237,237,237,237,237,236,236,236,236,237,237,238,238,241,243,246,245,245,246,245,243,239,239,241,239,239,242,243,244,244,242,241,241,240,240,240,241,242,242,243,245,244,244,244,244,243,243,243,244,245,246,246,246,246,245,246,246,246,246,248,248,250,247,246,247,247,247,247,248,248,250,251,251,251,252,252,252
234,234,235,234,233,235,236,236,236,235,236,237,238,238,237,237,237,237,237,237,237,237,237,237,237,238,239,238,239,241,242,246,247,245,245,245,244,242,240,236,236,238,238,239,241,243,243,240,239,237,237,238,239,240,240,241,241,241,241,242,242,243,243,243,243,243,244,244,246,246,248,250,251,248,247,245,245,246,246,246,245,248,247,249,247,247,246,246,249,250,251,252,253,253
233,234,234,233,233,233,234,235,236,234,234,234,234,234,233,233,234,235,235,235,236,236,236,238,238,239,238,239,240,243,245,247,247,246,245,244,243,238,237,236,237,238,239,242,246,246,245,245,242,237,237,238,239,239,242,241,240,241,241,241,241,242,242,243,245,246,246,245,245,245,245,247,246,246,247,249,247,246,247,244,245,243,243,245,243,243,246,246,244,245,247,249,252,254
232,232,232,231,232,232,233,232,232,232,232,231,232,232,232,233,233,233,234,235,236,238,238,238,238,239,238,239,240,243,247,247,248,249,245,244,242,240,236,237,239,241,242,243,245,243,245,243,239,244,248,247,240,237,240,241,240,240,239,240,241,242,243,246,245,245,244,244,243,244,245,246,248,246,245,243,243,244,243,242,243,244,243,245,244,244,244,243,242,243,240,242,245,249
233,233,232,232,232,231,231,231,230,231,231,231,232,232,232,233,233,234,235,236,238,239,240,240,240,239,239,239,241,242,247,249,248,249,247,245,246,243,240,242,240,240,241,242,242,246,243,246,244,244,245,248,249,250,246,241,239,239,242,245,248,249,247,247,245,245,249,251,249,248,249,250,246,243,242,242,242,245,244,242,244,244,244,245,246,246,247,251,246,245,244,242,241,241
233,232,233,232,232,233,232,231,230,230,231,232,231,231,231,231,233,235,236,237,240,241,242,242,242,242,242,243,243,243,243,248,247,249,248,244,242,244,244,245,245,243,240,240,240,239,240,242,240,241,242,246,249,253,248,250,242,239,243,245,245,245,246,246,250,250,248,248,252,249,247,248,245,244,240,244,244,242,242,240,242,241,242,243,244,246,249,253,252,251,250,245,244,243
233,234,234,233,233,232,233,233,233,233,232,232,233,234,233,234,234,234,236,239,244,248,248,248,247,246,246,246,245,244,244,244,245,246,245,244,243,244,245,245,242,241,241,242,244,244,242,238,237,240,244,243,242,247,251,249,247,246,245,244,244,247,249,252,254,254,250,250,247,246,244,243,246,247,246,242,240,239,242,245,242,243,241,241,242,250,254,256,258,259,258,256,256,253
232,234,234,234,233,233,233,232,232,234,235,235,236,235,234,234,234,237,240,243,247,252,253,253,252,251,251,251,251,251,252,250,245,243,243,242,242,242,241,241,241,243,244,245,244,244,243,242,238,239,240,241,245,244,248,248,247,249,248,244,246,250,252,256,255,253,255,253,252,250,248,246,247,245,241,243,246,245,243,243,243,246,247,246,245,244,257,263,263,263,262,260,258,257
234,235,235,236,236,237,237,237,237,237,237,237,235,235,236,236,237,238,239,243,248,252,257,257,257,256,254,254,254,253,252,252,252,254,252,246,245,247,246,246,245,245,246,249,246,242,241,245,245,247,244,245,244,246,245,250,250,248,246,246,245,251,255,258,260,260,254,254,252,251,253,246,244,242,247,253,251,249,249,248,250,253,257,258,260,261,264,266,265,264,264,263,263,262
237,238,239,240,239,240,240,241,240,239,238,238,238,238,238,238,239,241,244,247,251,255,259,259,258,258,258,259,259,258,257,256,256,257,257,256,255,254,251,250,247,246,248,246,247,244,244,247,250,252,251,252,250,249,248,247,249,249,250,248,251,258,264,265,263,264,262,257,257,255,252,253,252,256,258,259,255,255,256,261,264,266,267,267,267,267,267,266,266,265,265,265,265,264
239,240,240,241,242,241,242,242,241,242,241,241,241,242,242,243,245,247,251,253,257,258,256,257,257,257,257,258,257,256,256,256,255,253,254,254,254,255,255,254,252,250,250,249,246,244,245,245,250,256,255,254,256,255,257,259,259,258,260,260,263,267,268,268,267,265,263,263,255,255,262,263,267,269,269,268,266,268,270,270,270,270,269,269,269,269,268,268,268,268,267,267,267,267
240,241,242,242,242,243,242,243,243,244,244,244,244,243,244,245,248,252,256,257,255,253,252,254,256,258,258,260,260,258,257,255,255,255,255,258,257,256,254,253,252,251,250,250,248,245,246,248,255,263,264,266,266,267,267,267,268,268,263,267,269,269,269,270,271,272,268,266,265,272,273,273,273,273,273,272,272,272,272,271,271,271,270,270,270,270,270,270,270,270,270,269,268,268
245,245,244,245,245,246,246,245,245,245,244,245,246,248,250,252,255,256,254,255,254,253,252,252,256,254,256,259,258,256,255,255,254,254,254,256,253,251,252,253,251,250,246,244,246,248,251,262,264,265,266,268,268,268,269,270,270,270,271,270,271,273,273,274,272,269,271,267,271,273,274,274,274,274,274,274,273,273,273,273,272,272,272,272,272,272,271,271,271,271,270,270,270,269
245,247,247,247,247,247,247,247,246,247,247,247,248,249,252,251,251,250,252,252,253,253,255,252,254,254,253,250,250,251,255,253,253,250,250,251,252,252,252,254,250,250,249,252,254,260,264,265,264,266,267,269,269,270,270,270,271,272,272,273,274,274,272,271,269,269,266,271,270,274,275,275,275,275,274,274,274,275,275,274,274,274,274,273,273,273,272,273,274,275,275,275,274,273
249,249,250,250,250,250,249,248,249,248,248,248,248,250,255,249,252,256,254,251,251,251,252,251,252,251,250,250,249,250,250,250,250,249,249,251,254,256,252,252,254,255,251,257,264,266,266,266,266,266,268,269,270,270,270,271,272,272,273,273,274,273,266,271,267,268,272,269,273,273,275,275,275,275,275,275,275,275,275,275,275,275,275,274,274,273,274,276,276,276,276,276,276,276
249,251,251,251,250,252,248,248,249,249,248,250,252,255,255,258,256,256,254,253,254,255,252,252,252,250,250,250,250,251,250,247,245,246,248,247,249,249,251,254,253,252,261,260,259,266,268,267,266,267,268,269,270,270,271,271,272,273,273,273,272,270,262,263,263,265,262,265,272,275,275,275,275,275,276,276,276,275,275,275,275,275,275,275,275,274,274,275,275,275,276,276,276,276
252,249,244,243,247,250,253,252,252,253,252,253,256,257,254,265,259,256,257,257,253,253,254,253,253,250,249,250,249,250,249,250,251,250,249,249,251,250,251,250,252,254,255,257,257,255,256,262,266,265,268,269,270,271,271,271,272,273,273,273,273,271,265,260,258,260,266,270,271,272,272,274,275,275,276,276,276,276,276,276,276,275,275,275,275,275,275,276,276,276,276,276,276,276
249,249,249,248,245,242,244,246,255,255,257,258,257,264,267,261,258,257,255,255,254,255,253,253,252,253,252,252,251,250,250,249,249,249,249,247,245,249,249,250,249,251,253,251,252,255,254,258,257,259,265,268,269,270,271,272,272,273,273,273,274,273,272,267,262,267,268,270,271,271,272,272,273,275,273,276,276,277,276,275,276,276,276,275,275,275,275,276,276,276,276,276,276,276
249,246,247,251,246,243,245,244,249,255,259,260,266,261,256,256,256,255,254,256,254,255,253,253,254,254,253,254,255,255,254,252,252,252,251,251,251,252,252,249,249,252,252,252,253,254,254,256,257,258,263,266,268,269,270,271,272,273,273,273,273,272,272,267,264,270,271,271,272,272,272,273,273,274,275,273,273,277,277,277,277,276,276,276,275,275,275,275,275,275,275,276,276,276
247,250,249,249,245,246,247,251,249,253,255,257,261,258,256,258,256,257,257,257,256,255,252,253,253,255,255,255,255,256,256,254,254,254,253,254,255,252,249,250,255,256,259,255,254,254,255,265,264,258,265,266,266,268,270,271,272,273,273,272,272,271,271,270,271,271,271,271,272,272,272,273,273,274,274,275,275,273,276,278,277,277,277,277,276,276,276,276,276,276,276,276,277,277
253,250,245,243,243,247,251,252,254,254,256,258,258,258,258,256,255,255,257,257,258,257,256,257,258,257,257,256,257,258,258,257,257,257,254,254,256,254,253,252,255,255,257,257,257,254,257,264,264,260,263,267,267,267,268,270,271,272,273,272,272,272,271,271,271,271,271,272,272,272,273,273,273,273,273,274,274,275,274,276,278,278,278,278,278,277,277,277,277,277,277,277,277,277
256,255,250,250,247,248,254,256,257,256,255,259,258,257,256,255,257,257,256,257,258,257,259,261,260,259,259,259,259,259,260,260,258,258,259,259,257,258,259,260,259,258,260,260,256,255,262,266,265,265,268,268,269,269,268,269,271,272,273,273,272,272,272,271,270,271,272,272,273,272,273,273,273,274,274,274,275,275,275,275,277,279,278,278,278,278,278,278,278,278,278,278,277,277
